3.388589698954044938e+00 3.122981926314792878e-01 3.415251568638458801e-01
3.710224705701805181e+00 2.371546251927597881e-01 5.035323913058639134e-01
3.358408239785236393e+00 2.713968517328959051e-01 2.021694262654887830e-01
3.759056030802969239e+00 2.443316167179190868e-01 2.652627259831923934e-01
3.765199249428265116e+00 1.675835960193026719e-01 4.395041969303081220e-01
3.716591270190665153e+00 2.109119736498011322e-01 4.092663594435014263e-01
3.542268416225384353e+00 2.476059421709640995e-01 3.986320080330457705e-01
3.689181877699027279e+00 2.819684096342487400e-01 3.435661215983968342e-01
4.076062514879696508e+00 2.530101632977072024e-01 2.042473463065845596e-01
3.917072979610540351e+00 2.929702091332228586e-01 4.125908589691117956e-01
3.514365792878121120e+00 2.822142157856662448e-01 2.177891975278487546e-01
3.438982313555960513e+00 3.066363104603944123e-01 4.337634613914564952e-01
3.727756977857069387e+00 2.277604323134105047e-01 3.541087252852702649e-01
3.778876718836147397e+00 2.805730176140622811e-01 3.347780243053259941e-01
3.787517647662959064e+00 2.166482060433926882e-01 3.857327298529726889e-01
4.032989896377829453e+00 2.597540359468385462e-01 3.529571725198583643e-01
3.774266766935308492e+00 2.795749748921166344e-01 4.940542583711851066e-01
3.950767768326239437e+00 2.260037864136311969e-01 1.560977181667030922e-01
3.835449479585300026e+00 2.407192299688743764e-01 2.925404097753901977e-01
3.914622884387984669e+00 1.987582663217055123e-01 4.305155064274915899e-01
4.057301130440571058e+00 2.778367609980375574e-01 3.444020508344014520e-01
3.609389257055029887e+00 2.154081550585786042e-01 3.839664977070507135e-01
3.796137284891203389e+00 2.778217445392313079e-01 3.107909533912628919e-01
3.489024058685422869e+00 2.498598469352357743e-01 4.284751111142779401e-01
3.743974822995831175e+00 2.261348333484241024e-01 2.627907762882203402e-01
3.949212527727392619e+00 2.969281370804058851e-01 2.035694374992717826e-01
3.599784294198157930e+00 1.544561834565648661e-01 2.918984292483962628e-01
4.212994229067761331e+00 2.235556891294691872e-01 4.178132838647238834e-01
3.574009795126549260e+00 2.698995145105716476e-01 2.737062824199287259e-01
3.860935257729462222e+00 2.116214554595501340e-01 3.149953158814825516e-01
3.646091114533296373e+00 2.762613288481846618e-01 2.880458980704090344e-01
3.479438050147862782e+00 2.753883854093960859e-01 4.400035679892847496e-01
3.715516567869508791e+00 2.327595284229698192e-01 2.958954452774262278e-01
3.579759669810058220e+00 2.578446866762491019e-01 1.624541068218413320e-01
4.263760401248514853e+00 2.603113485892740719e-01 3.292602918447548044e-01
4.307443913941380487e+00 2.037436505234591078e-01 3.609331058973538342e-01
3.184912719358797162e+00 2.851418114571713236e-01 2.763326316490519741e-01
3.613549433446448855e+00 2.534505158527140534e-01 1.300262549245814470e-01
4.008344283567532251e+00 3.093064293835142142e-01 4.444531013058413138e-01
3.665112874732570969e+00 2.471697418864165774e-01 2.135609524223792133e-01
3.833857850772591114e+00 2.109180804906315432e-01 3.373979479767453826e-01
3.728169714835406712e+00 2.790133264914474442e-01 1.939867950353442727e-01
3.861711286725031389e+00 2.795509190244119813e-01 1.659532536061067154e-01
3.205204247956166430e+00 2.293048846543336849e-01 3.090328121270385919e-01
3.811624727758530007e+00 2.920820067131026931e-01 2.733970312913399092e-01
3.997900937965280121e+00 2.719746903057941312e-01 1.554700915379627069e-01
4.219712738992136281e+00 2.536169397098543832e-01 4.410154126919036965e-01
3.565055034117364130e+00 2.388360161850123786e-01 2.761909285109356849e-01
3.852123588836395385e+00 1.675725195774192544e-01 3.627789833320690382e-01
4.260306437916261402e+00 2.074716762910307766e-01 2.319070918904183598e-01
3.869854018487884240e+00 3.093096308999520594e-01 4.713993166305569527e-01
3.532445580097631765e+00 1.798175684531210794e-01 2.839801289737926560e-01
3.560616519211818876e+00 2.404486802570781068e-01 2.853012165246930909e-01
3.554774218747567716e+00 2.329039936409926514e-01 2.829813534921956641e-01
4.086840276208557832e+00 2.500335748677475767e-01 1.793458524236245522e-01
4.091803302851615420e+00 2.233662895776091784e-01 2.242011390512539393e-01
3.656054758253207471e+00 2.679479312946680403e-01 2.957625780565277807e-01
3.487824366466543147e+00 3.099984901856953079e-01 3.499431131697681718e-01
3.184607511850830797e+00 2.504036304238093091e-01 4.090918206421614856e-01
3.432756620211490528e+00 2.503367231207662136e-01 3.227066725165780858e-01
3.536643907346843196e+00 2.107147363807351514e-01 3.710309836213638857e-01
3.752227256208767958e+00 2.142140811044437043e-01 4.807799915251058653e-01
4.026108433300739975e+00 2.371569077424363348e-01 3.391701319748808841e-01
3.160817965800756912e+00 2.195753375333732715e-01 3.732687429212606656e-01
3.476069637016823588e+00 2.557459948448286280e-01 1.790305191762847081e-01
3.598261944076684316e+00 2.084380919310523383e-01 4.153175429120824491e-01
3.718446588469856540e+00 1.948342954821317141e-01 2.070642806033299310e-01
3.657608808561736868e+00 2.473701313119819056e-01 1.106438452812218975e-01
3.930889755014674414e+00 2.850554912609237768e-01 2.287523830240789091e-01
3.287785186899223167e+00 2.470976225700340922e-01 4.134050179284406434e-01
3.676567333678644633e+00 2.420746484517078412e-01 2.995219448629974912e-01
3.453838027304061864e+00 2.298681690733496430e-01 3.840256008890685080e-01
3.753408654049349202e+00 1.702647761933699377e-01 2.843798338498544909e-01
3.356313295987071399e+00 2.235254989665538816e-01 2.367550840150115521e-01
3.934833936916063646e+00 3.286136321451620379e-01 3.465595141913829225e-01
4.145251619473566684e+00 2.955637469349626789e-01 1.921151029347569761e-01
3.287368276310496995e+00 2.581379390317523614e-01 3.339261203238729214e-01
3.946285287159259525e+00 2.239169553581854266e-01 2.467338536497412083e-01
3.759874946456235545e+00 2.449649626835569138e-01 4.009435667354873667e-01
3.737147437685162110e+00 1.888358363101456383e-01 2.529001265707729873e-01
3.949382270653142957e+00 2.309013573613176440e-01 3.468210113561093211e-01
3.406026082011890832e+00 2.230439105904930552e-01 2.720793531672138221e-01
4.419462901003809563e+00 2.856861811166900300e-01 3.251271737829281028e-01
3.464549641151827952e+00 2.772421321667274396e-01 4.753279727024605217e-01
3.963929000547499193e+00 2.251892974652847657e-01 1.359939492563143615e-01
3.876734588311731233e+00 1.946903036851098112e-01 3.185173124878115103e-01
4.387005224899017009e+00 2.685355742705543003e-01 2.149356346945131835e-01
3.198536241810576275e+00 2.632574369195361252e-01 4.514186257569868799e-01
3.374879862462444979e+00 2.571872148729607011e-01 1.961463727767669418e-01
4.227324196637371578e+00 2.434090682699121821e-01 2.595766618261521330e-01
3.264921510801221505e+00 1.971030600423305523e-01 3.709509562565042606e-01
4.045645659391527538e+00 2.900690835987596028e-01 2.204832134063507976e-01
3.992553078501208663e+00 2.509005431162029676e-01 2.772231352530546422e-01
3.323739864539027256e+00 2.621834186548258061e-01 3.148233192578883122e-01
3.390200980800334829e+00 1.775970214821619431e-01 3.863848154523545908e-01
3.542989431430448199e+00 2.416826244199300200e-01 2.842765453845757517e-01
4.161049837713722610e+00 2.146004098031117635e-01 3.989757824260924957e-01
4.241521854847917439e+00 2.494768072450358753e-01 3.108642013539880677e-01
3.282874136640156149e+00 2.833493216805761938e-01 3.981809218829411856e-01
3.845656571449246108e+00 2.774527584915387202e-01 3.044535288706218257e-01
3.908778867649014277e+00 3.183770512230347238e-01 3.852157894280816008e-01
3.466146683508826154e+00 2.046906212532358382e-01 4.212979762803994443e-01
3.883931720709232760e+00 2.847860042169589878e-01 2.873251201365675800e-01
4.202469666761731837e+00 2.119997176970420394e-01 4.473533999067155764e-01
3.559949143471723865e+00 2.734140720214490727e-01 4.286834669413873145e-01
3.523985261854721607e+00 2.793542720578556238e-01 3.543416589842189879e-01
4.197365978225904293e+00 2.893112785153648114e-01 3.740766967600834825e-01
3.626675503013614410e+00 2.552091243851496993e-01 2.548886939421395326e-01
3.402301987461369137e+00 2.512241510292282931e-01 3.617945751781315722e-01
3.888755648808168708e+00 2.088155545278305436e-01 2.152468759161280665e-01
3.455717946968657195e+00 2.346129207284475549e-01 2.602025781361641532e-01
3.569241550114369499e+00 2.020967778201816778e-01 2.872418684595980376e-01
3.333287807772822742e+00 2.640192311464819030e-01 3.725287714182410892e-01
3.474464521199561950e+00 2.472255631755105876e-01 2.302433577336302495e-01
3.548903858751680129e+00 2.275555215154964617e-01 4.921532623449663690e-01
3.617585561209577527e+00 2.554788058153089625e-01 2.202078131901280544e-01
3.991868025849268697e+00 2.315930095059505756e-01 1.943413495240843281e-01
3.515555201668374430e+00 2.576837506354399121e-01 2.242374457604129900e-01
3.518061218013879277e+00 2.241711425618491682e-01 2.606673621304068100e-01
3.438783488677106259e+00 2.298039282394419569e-01 2.587000199728734517e-01
4.129904605249913097e+00 1.891381679855685394e-01 2.190527168489232179e-01
4.141755069830301395e+00 3.126242331533320984e-01 2.681627421017039326e-01
3.613309528887398425e+00 3.035466668282573166e-01 2.665049777210294901e-01
4.375824348426429644e+00 2.253309752942350419e-01 3.365891137334509620e-01
3.956081066946342872e+00 3.418688242445617198e-01 3.113999552152222905e-01
4.124145841868496198e+00 2.183302167576683106e-01 4.695223736261054381e-01
3.850603482940079925e+00 2.866815270048078124e-01 4.553984678731214375e-01
3.900418310577015379e+00 2.492653926553929367e-01 3.239736012227295570e-01
3.359357208577041121e+00 2.084895508657245433e-01 3.656745106250520183e-01
4.014458168318705944e+00 2.556639589833629711e-01 4.041086070262190355e-01
3.610216401799171138e+00 3.033083964094354101e-01 2.782450356112673440e-01
3.879464979282621240e+00 2.464593997801494130e-01 2.424873782464394556e-01
3.487000180124534499e+00 2.870536843143289274e-01 2.452329977360976354e-01
3.376221713250049383e+00 2.689576340901460583e-01 3.803572986219123098e-01
3.818826414819072923e+00 1.920334062664169616e-01 3.638088966584172579e-01
3.832877834662980376e+00 2.484665760562358994e-01 3.918168676473631762e-01
3.684044700485976875e+00 2.388951467753901992e-01 2.330617462314163169e-01
3.573635889341987948e+00 2.886379334522993223e-01 2.876403901332389434e-01
3.762384862496022109e+00 2.344002451421232092e-01 3.202942527313077936e-01
3.651552049902864638e+00 2.466288425414058516e-01 1.995483642803998758e-01
3.889133031326791556e+00 2.955449282121719867e-01 3.150507352570537378e-01
3.876715026626035066e+00 2.675238349400203552e-01 1.745189988096745026e-01
3.909900207481571410e+00 2.255123901471072778e-01 2.868734680749849830e-01
3.986078754598287421e+00 2.615367506668948017e-01 2.961263310727429987e-01
3.317441555259367902e+00 2.586155369719490005e-01 3.681096636591402738e-01
3.672048066594405302e+00 2.369582121505071082e-01 4.204693616658629063e-01
3.813822303433440641e+00 2.277215643773880527e-01 3.712537681502353082e-01
4.058329498392011736e+00 2.738325432126488823e-01 2.327925175874240582e-01
3.471826651015970100e+00 2.941432537551573745e-01 1.803450421723123420e-01
4.246315690867982440e+00 1.861781618028520158e-01 2.989438584870104387e-01
3.710728239979157461e+00 2.519578500729095505e-01 3.674277436364445926e-01
3.618447141736185202e+00 1.758810783605190831e-01 3.655229060146275022e-01
3.920625703785725502e+00 2.128848090166465257e-01 3.492992000218703152e-01
3.413061535371797461e+00 2.342692175590413151e-01 2.699613334980996426e-01
3.716588137953300119e+00 2.316373672903720149e-01 2.232896261940841010e-01
3.405803353810409995e+00 2.534503863855082084e-01 3.273914228289824813e-01
3.446256059404426253e+00 2.669916285516859555e-01 3.183248595619396770e-01
3.814238920204027217e+00 2.632105287654521453e-01 3.258827780437297816e-01
3.245721619227366794e+00 2.078290545221607166e-01 3.343950752887692723e-01
3.609740869652313222e+00 2.405071042420822147e-01 1.031118241730729634e-01
3.945129643442635725e+00 2.231073825146088763e-01 2.180350632254292043e-01
3.851547665717191649e+00 2.305784269966827116e-01 2.786427441781436087e-01
3.858309225851240587e+00 2.409234984538747293e-01 5.187611137002892114e-01
3.883327805628179696e+00 2.724901358512112903e-01 3.261039297864201658e-01
3.736808800376199002e+00 2.335360375156257939e-01 3.252642983857410020e-01
3.785647490327033626e+00 2.770789475154694093e-01 3.542398129601557755e-01
3.709671935093384221e+00 2.192314455083780589e-01 2.678747273940775275e-01
3.496068540820551185e+00 2.207430653063477688e-01 2.255635720185357185e-01
4.125433435285838613e+00 3.164963360213441934e-01 2.734327532941303041e-01
3.989588211565611164e+00 2.821251466560091847e-01 4.216034632871848986e-01
4.086026290869634536e+00 2.811873344867175661e-01 3.034426567135254937e-01
3.626140529965509174e+00 2.989438930021967034e-01 4.837998960916877200e-01
3.772102239054194950e+00 2.385016318186273521e-01 2.261715386679433171e-01
3.844496446515373034e+00 2.809380224353246747e-01 2.308540790156544675e-01
4.094353242137438009e+00 2.520335609178930847e-01 4.543251982460819738e-01
4.072273292585375515e+00 2.663100503533206709e-01 4.365498171299500019e-01
3.457105907545093171e+00 2.899986299490752706e-01 3.583858634654147890e-01
3.828983886662351122e+00 2.347284806314098027e-01 5.205650219811204238e-01
3.511438762508256151e+00 1.942286422843504945e-01 3.083836016355017695e-01
3.452415381101036296e+00 1.853921360314838562e-01 3.061003229474171250e-01
4.250365931563834465e+00 2.933710272554049259e-01 4.063370551183820290e-01
3.699580619446217522e+00 2.036270663746968523e-01 3.391804697722293760e-01
3.649045033896317847e+00 2.375690691727940229e-01 3.135727245670633656e-01
3.565011032273220248e+00 2.776172202765548880e-01 3.069718990633615863e-01
3.665305338586065886e+00 2.295641622595043507e-01 3.657152220845724666e-01
3.333914762024979161e+00 2.755104629571209496e-01 2.494984624232263748e-01
3.620991989861927163e+00 2.666038333346277267e-01 2.989224834647009055e-01
3.474281935329087467e+00 2.342554544781393910e-01 3.280899209448732146e-01
4.109822340796059237e+00 2.481891172499873510e-01 2.846230880517728323e-01
3.929485701892404315e+00 2.211430910745874057e-01 2.354098534853333591e-01
3.748180801752039937e+00 2.906744961722071419e-01 4.779575543556393580e-01
3.733785054990735652e+00 2.909830821844608950e-01 3.044464349158521599e-01
3.250475411570695528e+00 2.419401877100937348e-01 2.993600898687885925e-01
4.146512700180059241e+00 3.265802430897185582e-01 3.220172010432988396e-01
3.760787585007837386e+00 2.591726004023278684e-01 2.218753871873633821e-01
3.140560490970373042e+00 2.323765927200841241e-01 3.424942403106855382e-01
3.191336585005208892e+00 2.086018105092290187e-01 2.306055073907310460e-01
4.060571744016854723e+00 1.994508755165110558e-01 4.144376810436055103e-01
3.453252586677645564e+00 2.843974855723345740e-01 3.107871133282740783e-01
3.432520482472431134e+00 2.734792872570896982e-01 3.085929016218399434e-01
3.619807466994316769e+00 2.703864197198180275e-01 3.367825843313059231e-01
3.951945822956035581e+00 2.723474705861637646e-01 3.573587578277319654e-01
3.879249688374075244e+00 2.470401046634258246e-01 3.095842213668391629e-01
3.561530863231928912e+00 1.967066867780163375e-01 2.712278882922699030e-01
3.487208431079616311e+00 2.946659911676771104e-01 2.937902196117487263e-01
3.358105914085728116e+00 2.225795340570890790e-01 3.424082217296752217e-01
3.698765668290190600e+00 2.427844159701395554e-01 2.346969129521325192e-01
3.795714418047989369e+00 2.527362650662657306e-01 1.809382607582502855e-01
3.295061754939044629e+00 2.633555691422559963e-01 3.746132330072687866e-01
3.772353363496522061e+00 2.874536979396291603e-01 3.389670817008245129e-01
3.919542798147950258e+00 2.452930331408559594e-01 2.892034362740040776e-01
3.963490145346412863e+00 2.890280140957807720e-01 2.873539087561171046e-01
3.466125103857559786e+00 1.964295588411752447e-01 4.494184404394955257e-01
3.664367342522854454e+00 2.051212169621992043e-01 3.534941908505986330e-01
4.152846273195962112e+00 3.244344814994211679e-01 3.459931201233262810e-01
3.491614497625306957e+00 3.191756827265914698e-01 3.035884445694534417e-01
3.393360458327975060e+00 2.675238736626973091e-01 3.769301179373575339e-01
4.087032977123691957e+00 2.032340429760865486e-01 3.207813349265573599e-01
3.409622698607601698e+00 1.937728128486278789e-01 3.520182663733253392e-01
3.878056038688856066e+00 2.738827176606346003e-01 3.667874015152051137e-01
3.727230092253992932e+00 2.150004556005599421e-01 4.086754447109133270e-01
4.100877940988238102e+00 2.905923323698846317e-01 3.137169058900854957e-01
4.080273715466225859e+00 2.236073769478248985e-01 4.812450583521212799e-01
3.212930569158492400e+00 2.273177749917444090e-01 2.503840641887773444e-01
3.270955107204402967e+00 2.807496893636766133e-01 2.472306193441251576e-01
3.930419601586191636e+00 2.469880178007377025e-01 4.062197119877254403e-01
3.468421650188394434e+00 2.753549127555626197e-01 2.971494519566723613e-01
3.684374651807539980e+00 2.079388646442978383e-01 2.761167681719977618e-01
3.849977021092578777e+00 2.302688111638877544e-01 2.355443312627130692e-01
3.088888999749447528e+00 2.812328869679540655e-01 3.467130915107337064e-01
4.260896127420078727e+00 2.482999234713860470e-01 2.907135508989050487e-01
4.238837204959052585e+00 2.919964975654568140e-01 1.913138554739506336e-01
3.589031338229248025e+00 2.103412419581494885e-01 3.033635243576882634e-01
3.958983245063508516e+00 1.946746152540345665e-01 3.435306670197445511e-01
3.737997872841253066e+00 2.842066322087303254e-01 2.924616073986771592e-01
3.950954119287025001e+00 2.865689770605345243e-01 2.437812544438061613e-01
4.049813752012600077e+00 2.949795565894381966e-01 3.822161378063417270e-01
3.844882165526616991e+00 2.932638225614823124e-01 4.182262558940256225e-01
3.765197814465450321e+00 1.972747799801552737e-01 2.283579601118363722e-01
3.734578788643804881e+00 2.324547453416234977e-01 1.788068190017385040e-01
3.838569387567795754e+00 2.341401528239816510e-01 3.992626433483276172e-01
3.886266008451518594e+00 2.400058646689050001e-01 4.353971943995091909e-01
3.675360406990009210e+00 2.214191365113967469e-01 1.959389161402169122e-01
3.776888331513699626e+00 2.871002123440535847e-01 2.887623945046663421e-01
3.853217027500440484e+00 2.076929196165967495e-01 2.681294916824031871e-01
3.447764990923388062e+00 2.425772078982420255e-01 1.998230430630899002e-01
3.964352466564058375e+00 2.594539443494869868e-01 3.381974654556905158e-01
3.854080178535130408e+00 2.136228024984446194e-01 3.101447927891782808e-01
3.667426413353928272e+00 2.381563639294042301e-01 2.643673068042722840e-01
3.449582931520731588e+00 2.839617267765419117e-01 4.215652029671019818e-01
3.597792290951837835e+00 2.564611175101611518e-01 2.278601143041025789e-01
3.962614377261121312e+00 2.830904466266316311e-01 2.288849382862008230e-01
4.039147126206708904e+00 3.170018979280128102e-01 3.554868529459223603e-01
3.731996655973424115e+00 2.556685771752325032e-01 2.484110551891099972e-01
3.470031472766073932e+00 2.829843889312634864e-01 1.531149215068288161e-01
3.600933230169507393e+00 2.050082573620879423e-01 3.422120132699122408e-01
3.284917434950869630e+00 2.653283725461773601e-01 3.960796722084255483e-01
4.052002920345382897e+00 2.895775346838164177e-01 3.088070185353412600e-01
3.388447046818003905e+00 2.642589518735087295e-01 3.490131239792593210e-01
3.913073750165551701e+00 2.262560980126347987e-01 1.228629368983647774e-01
3.331355985737541658e+00 2.468644392808977128e-01 3.454296413552551126e-01
3.766831354044865243e+00 2.206945911671030214e-01 1.380257576801684483e-01
3.489181409927607724e+00 2.850553271023245072e-01 4.070511898802519068e-01
3.303618749976854119e+00 2.407317044014274099e-01 4.057142751455782292e-01
4.041661953721099820e+00 2.736620636668998796e-01 2.424959772735578722e-01
3.526396306939255876e+00 2.412169007739374538e-01 3.158613185270884305e-01
3.806156172583941011e+00 2.182559801213964645e-01 3.713002246796001660e-01
3.833716781599878498e+00 2.965160864495735016e-01 3.072884063694590329e-01
3.735504721737742617e+00 2.684457688903871264e-01 2.168558084789539986e-01
4.073772361577597145e+00 2.245587641833746428e-01 3.490589353612693624e-01
3.528286875306195114e+00 2.678055256083720082e-01 3.545660299265759874e-01
3.804295772345761772e+00 2.804799607899561842e-01 2.256357086912044729e-01
3.166578179286724026e+00 2.404909655548110314e-01 4.200931538706875745e-01
3.993655151893398259e+00 2.964254120345885535e-01 2.949782740685293891e-01
3.964524252441215424e+00 2.296539352854521376e-01 4.195863370596570885e-01
3.754884294082649010e+00 2.619250031678226343e-01 3.289981266187617659e-01
3.420558510254897655e+00 2.215264900102857926e-01 2.294706834686855990e-01
4.085857518059069271e+00 2.426175065573822620e-01 4.650880031918814272e-01
3.772510568083657923e+00 2.029353444503674275e-01 4.616041773938678316e-01
4.088002169089028470e+00 2.195677901420420852e-01 3.266411998420760132e-01
3.656122997614491332e+00 2.775456524849015394e-01 4.522175328339720357e-01
3.471704533449471608e+00 2.175840140892726926e-01 3.429060766682704986e-01
3.468209338020308063e+00 2.601945781229376697e-01 3.248598518083365971e-01
3.817459801087406124e+00 2.335564590800821017e-01 4.704718975145095738e-01
3.683275641310149506e+00 2.679135274418207868e-01 4.242447953890622347e-01
3.368759944667934825e+00 2.858657863233570740e-01 3.407694942182317721e-01
4.093706403259409043e+00 2.542864579200376784e-01 3.823309909468531886e-01
4.376237727444850734e+00 2.206757061757654292e-01 3.465754501672802523e-01
3.681798646077780734e+00 2.374188774116253731e-01 2.946393123981643214e-01
3.971863707232750951e+00 3.014997313811288437e-01 4.685516839188244020e-01
3.810574721429709655e+00 2.117785088012534844e-01 4.023202176797266438e-01
3.595108610956243567e+00 1.599181130779568916e-01 3.221426826679376076e-01
4.202703113895033482e+00 2.364373218320688363e-01 2.052841666295182610e-01
3.572063644127720483e+00 3.236078488645356410e-01 2.445662598008442878e-01
3.860440986394547913e+00 2.192150109987910933e-01 1.529197725994019541e-01
3.702479922867686568e+00 2.439301912580459641e-01 3.289093006184024004e-01
3.503132536647527218e+00 2.541918925595681999e-01 1.621332952937440397e-01
3.658494092313324231e+00 2.500881330185558693e-01 3.600828008717943396e-01
3.659419430367861992e+00 2.127403467197138687e-01 3.571918987317794225e-01
3.585904238455119852e+00 2.885537811095195693e-01 3.028786163120297803e-01
3.880062810271438511e+00 2.670987648399505976e-01 3.601835581331619407e-01
4.072437938264404700e+00 2.320653278728619373e-01 4.456100995015704891e-01
3.474531733745411355e+00 2.122896959940945016e-01 3.571158573354343835e-01
4.171985493984148086e+00 3.113225546005976008e-01 2.466252877211921324e-01
3.701961179706430460e+00 1.947558120432396622e-01 3.930948221444273694e-01
3.963931089207341607e+00 1.908594746102435513e-01 2.440781261823340709e-01
3.260527905227210699e+00 2.048412165827246390e-01 2.889009051062322864e-01
3.408802774060664564e+00 2.313750766083007004e-01 1.485390377978823284e-01
3.793158764149116458e+00 2.012725849097803943e-01 2.169610863851219040e-01
3.465708248096579069e+00 2.934821611169881606e-01 4.517135708625947821e-01
3.253097210663481231e+00 2.710875744546247246e-01 3.369035806186264081e-01
4.020505277754794271e+00 2.278783213356000981e-01 4.102636545569242066e-01
3.887668515216872400e+00 3.150007400296776505e-01 3.221743337370873705e-01
3.648328896141650457e+00 1.905843176525823246e-01 3.845364151805941710e-01
3.531810341923951047e+00 2.461891344746948429e-01 3.357860211085625379e-01
3.751333014254747411e+00 3.404622370745311599e-01 3.511058866957214031e-01
3.833909150864953652e+00 2.333467754030163210e-01 1.996936053519511867e-01
3.615284147156827110e+00 3.203351437840068483e-01 3.884641856935260873e-01
4.133022737546538927e+00 2.249922196417315501e-01 4.083814008769112158e-01
3.730850720061416936e+00 2.163132187802073447e-01 3.727780948814570228e-01
3.505336232274577135e+00 2.741470231641850441e-01 2.790696973014082372e-01
3.959483814284089132e+00 2.179189769032986446e-01 3.469221459806213770e-01
3.216989654414376787e+00 2.682489336840149230e-01 3.809264037551848281e-01
3.432950313183284141e+00 2.585198605078778411e-01 1.764084590405052555e-01
3.628740906483581607e+00 2.431605569177005821e-01 2.451853436474377146e-01
3.514760694079506198e+00 2.543326367023415746e-01 3.883606812047272205e-01
3.673741787507693424e+00 3.087238366966555403e-01 4.566016022229707483e-01
3.174849102261138700e+00 2.953728846508975048e-01 2.377129202384600237e-01
3.906938034926832781e+00 2.331074013221375030e-01 3.795488120742065430e-01
3.685835565247481682e+00 1.961094131332281332e-01 3.403418024076617643e-01
3.914073585461256055e+00 2.780997393246583682e-01 1.829146610111612170e-01
3.321223990468467058e+00 2.729601042998286431e-01 2.807509465556304318e-01
3.729390695402858391e+00 2.415585087942233034e-01 4.735722352528198842e-01
3.643912646308991032e+00 2.953319273290863078e-01 3.568370523236355507e-01
4.080956758628619951e+00 2.275966865242217696e-01 2.406082813443335966e-01
3.889055062663438367e+00 2.613764541231207716e-01 3.907526536867169109e-01
3.677280821587828541e+00 2.491978492628895980e-01 4.388727686237754999e-01
4.138051293457972513e+00 2.417914298554430241e-01 1.894176468209735620e-01
3.975643249960339798e+00 2.373309382058710337e-01 2.150490538611682934e-01
4.248656229355561642e+00 3.050730457223841952e-01 4.185677989855515757e-01
3.521799253127381402e+00 2.191258005161529632e-01 2.185266513137771038e-01
4.062145831516708938e+00 2.482745566977549723e-01 2.750779780745989389e-01
3.310387284755733628e+00 2.292192240564953631e-01 2.573971008150642836e-01
4.009119628941147262e+00 2.533408488837252115e-01 2.858018910442939320e-01
3.804580165928706847e+00 3.027876421912045202e-01 2.839313966742182394e-01
3.526202344794049814e+00 3.237339767379149302e-01 2.324890834096629000e-01
4.043652646543539397e+00 2.593425426259807764e-01 1.865664370107008585e-01
3.946385406916880001e+00 2.769081813253546076e-01 3.164134391991776374e-01
3.307377330000226046e+00 2.827241099638156951e-01 3.035709624984728183e-01
3.271402847113810797e+00 2.108955578610309245e-01 2.600739423612817847e-01
3.421980522176054418e+00 2.532972982328418610e-01 4.393141914303899664e-01
3.713881340262493946e+00 2.397808048134168757e-01 1.768418280571530665e-01
3.625483670754665155e+00 2.649005823141936111e-01 4.277026828991744578e-01
3.384680436029731343e+00 2.318838844829352042e-01 2.875206992701050401e-01
3.977862498040292127e+00 1.689318968825516687e-01 3.057796665695024507e-01
3.686037753647800841e+00 2.193275811997140723e-01 3.981192411836325107e-01
3.860075234427532198e+00 2.474639817034479106e-01 4.426793766563564825e-01
3.688109419952032564e+00 2.454844592219579402e-01 5.154836987455116981e-01
3.772231787304499040e+00 2.374434508607877747e-01 4.023385521604678772e-01
3.861537837550946595e+00 2.388800965219116113e-01 3.695818820971405461e-01
3.921673301285575342e+00 3.020783852307889483e-01 4.096286281806024165e-01
3.322219721327203334e+00 2.811642529414238867e-01 2.020907016064495410e-01
4.145774626975040178e+00 1.806469936239639695e-01 2.467134537681648920e-01
3.577595772675836727e+00 2.304899517173387147e-01 2.583394272320608809e-01
3.362497233817139275e+00 2.809448889518975645e-01 2.981822213030662083e-01
3.790832148247639033e+00 2.652016717346432073e-01 2.930469128961309955e-01
3.720968110354287095e+00 2.236265163799934230e-01 4.070083052194135576e-01
3.726967542913620868e+00 2.133851927757258182e-01 3.436275580547018538e-01
4.175030025711378379e+00 2.089478130070105688e-01 2.302744903423023515e-01
3.633256625824464070e+00 2.631363589832168004e-01 2.704234531222767246e-01
3.999031904415865313e+00 2.310627925930445747e-01 3.392135450602727920e-01
3.409032541970624219e+00 3.058349218905581091e-01 2.523214636489342078e-01
3.647237467604664385e+00 2.504182594856752542e-01 2.510589114091602014e-01
3.755891365619373978e+00 2.663807323435166685e-01 3.698226653202739689e-01
3.544583879662095871e+00 1.991982745156143098e-01 2.261448935395674043e-01
3.593148487488937892e+00 2.274172414598041314e-01 3.434198168739844292e-01
3.355915060987661569e+00 3.315051739231455463e-01 3.415180947547317158e-01
4.028832055793927225e+00 2.091888443128406549e-01 2.656398479591348671e-01
3.716177458474966055e+00 3.041085254536465277e-01 1.701259496612697875e-01
4.116694902589342675e+00 1.847105694696937472e-01 2.353961956234692510e-01
3.525797113164673924e+00 2.956030564887835443e-01 2.209273343586855842e-01
3.717765286799271429e+00 2.464981252685961854e-01 4.226822427320396924e-01
4.135269419936784985e+00 1.842780526989055701e-01 2.295021611534184824e-01
3.743124075453416300e+00 2.497040618029861825e-01 3.391613135885610530e-01
3.547580733725727686e+00 2.792707172492216450e-01 3.204919473440582256e-01
3.853613698882645711e+00 2.944699780140180301e-01 2.881969102976337793e-01
3.944583707686549978e+00 2.827386300635715277e-01 2.989834955099776037e-01
3.630816261595075201e+00 2.615780078041476941e-01 2.422306489079094904e-01
3.687417477292257662e+00 1.944306969897316995e-01 3.132462508681067570e-01
3.418378689776344181e+00 2.273384731458205910e-01 1.359085055043083023e-01
4.163666207927456675e+00 2.575387770477178262e-01 3.560009350673994932e-01
3.650303132291595531e+00 2.807694275014737118e-01 4.188470828047660688e-01
3.329181588841846118e+00 2.817455823013012561e-01 2.177385620412898848e-01
4.006250123901221372e+00 2.830111574184451806e-01 3.557902325971984969e-01
3.856649665857744047e+00 3.382803124545205042e-01 3.479594659911252608e-01
3.711473908484536732e+00 2.255374980209955416e-01 1.699450006967659632e-01
3.867359803159506448e+00 2.024911834819056733e-01 4.061131921144017221e-01
3.731447235807162865e+00 2.050675751907893585e-01 3.530729817380085511e-01
4.056865253678997973e+00 2.577474566643467302e-01 2.809127215708737135e-01
3.864272694141489328e+00 2.830981946818843520e-01 2.021914541270105614e-01
3.640566338177084305e+00 2.799508915437903811e-01 3.329005951635835014e-01
3.737560354671401797e+00 2.854241144505609284e-01 2.580176529798480778e-01
3.688956709933027156e+00 2.973551130251704810e-01 2.339784341898820119e-01
3.465318607754180213e+00 2.563989570216912983e-01 2.603700591199676340e-01
4.055472338976497504e+00 3.098275239322071939e-01 3.216680988151446319e-01
4.072968834277434169e+00 2.130311333337752411e-01 2.790019093397554384e-01
3.953037866507793652e+00 2.723667246744460035e-01 3.071321019717053180e-01
3.859012064206460479e+00 1.855420896700712419e-01 2.371368120516385569e-01
3.948942884053298297e+00 2.940677999549863308e-01 3.958621137132191103e-01
4.121436495828339375e+00 2.486369166690456933e-01 2.639645754301008229e-01
3.907082002123208664e+00 2.388547172616325431e-01 4.878975154545120985e-01
3.351792900717916357e+00 3.165476004829779200e-01 2.020747028421094882e-01
3.813366593109433822e+00 2.500111327678966600e-01 3.251982801984644178e-01
3.846478954808742579e+00 2.993785963622018209e-01 2.802576105498486569e-01
3.537606593320859361e+00 2.425614287742492159e-01 3.844491126004938586e-01
3.700857776541507604e+00 2.723500313680800589e-01 3.682785759160904782e-01
3.972971926274581733e+00 2.921627863094992117e-01 2.694175143817300611e-01
4.126512696316069650e+00 2.552146408505817088e-01 3.535100007155872470e-01
3.931266843308295567e+00 3.038740766321031961e-01 2.586689376508198857e-01
4.202477645280053409e+00 2.405172117964255174e-01 2.763820053703865964e-01
3.666252158016195306e+00 2.080754448738914020e-01 4.464695443780923867e-01
3.489820182228255518e+00 2.482253850947098439e-01 2.377491734825050440e-01
4.081085825406298717e+00 2.784358407733228402e-01 2.731948863488476986e-01
3.580110286191561464e+00 2.242116520043238304e-01 2.553831210115401484e-01
3.954918390118224991e+00 2.565035806973261501e-01 3.808215501897485034e-01
4.098599076536451058e+00 1.807497343163773917e-01 3.248415644347458220e-01
3.845773153037631786e+00 2.527290978056265236e-01 3.557872597787230529e-01
3.868337737288392475e+00 2.808460102021949067e-01 4.898594559107199431e-01
3.426256050614458371e+00 3.044558149780501322e-01 1.917402201590661104e-01
3.225444210889706564e+00 2.591054689173449832e-01 3.531285466635316062e-01
3.716493120888306745e+00 2.403442266844665887e-01 3.537244529831047313e-01
3.501711240888803367e+00 2.887315997839055570e-01 4.977495628458448174e-01
3.990397238477805253e+00 2.198972270115165939e-01 4.207057899437606774e-01
4.009826280222430483e+00 2.762921642695945201e-01 2.951229035526706235e-01
3.922530661714500599e+00 2.344723495414015313e-01 3.742801294257788736e-01
3.721939231694054939e+00 2.367507981811400319e-01 2.219624107009412206e-01
3.295548683011168656e+00 2.255754375783618759e-01 2.166287725210862547e-01
3.541727204443435362e+00 1.860210168450977530e-01 4.489234324993736647e-01
3.936064483506895417e+00 2.106240766267354902e-01 3.354810544129083194e-01
3.947552352074080950e+00 1.826594674311462496e-01 2.055096560016633211e-01
3.365114088596542707e+00 2.294195206941038734e-01 3.214545699009342949e-01
3.538325646819166170e+00 2.536999442290568396e-01 1.498015231271704883e-01
3.233175241623152729e+00 2.965808204513795121e-01 3.852182322222648114e-01
3.971225413954894368e+00 2.530407263523061223e-01 4.448220118648638088e-01
3.463540956325301678e+00 2.358799735383989571e-01 2.509554632271228103e-01
3.767200671602641382e+00 2.796432669382907799e-01 3.410551419324977518e-01
3.565528544659438470e+00 3.149388521311654032e-01 2.389109694031894549e-01
3.837038946055777888e+00 2.496450650799471593e-01 2.193214065369109012e-01
3.957532662696524817e+00 2.354932762922824774e-01 3.006883832735969819e-01
3.423871529386961488e+00 1.816870397101627010e-01 2.487651677050262133e-01
3.447375307114909138e+00 2.877581883410254560e-01 1.998573918125337023e-01
3.730281562468277912e+00 2.499664420581080571e-01 3.293337595420463559e-01
3.711645842392833128e+00 1.744841238961397367e-01 1.972109967819874465e-01
4.100653699888216153e+00 2.444013564748220013e-01 3.933407143404621942e-01
3.752101023627591125e+00 2.481398600734485704e-01 4.429302709085512491e-01
3.957717971692399139e+00 2.504349776015908913e-01 1.781306800172255955e-01
3.795410120593893044e+00 2.991754954222875518e-01 3.272008817314699947e-01
3.927669861176709354e+00 2.486104952268933244e-01 3.440050246431930470e-01
4.009816230887942368e+00 2.922651184074233632e-01 3.691136441117530143e-01
3.466056364880572449e+00 2.692627444914184598e-01 1.600534790014902509e-01
3.493174288954863815e+00 2.184870938405073237e-01 2.378666128660579804e-01
3.457552832052842362e+00 2.642965440575212877e-01 4.847734917359167728e-01
3.579642572566962944e+00 2.255073574259481295e-01 3.299581967302370744e-01
3.706343052216123368e+00 3.152216468916794190e-01 4.412781592525768515e-01
3.346179325457501186e+00 2.272013642721279758e-01 2.746696990885990064e-01
3.624725168324041569e+00 2.735617881509737059e-01 3.550901623241937699e-01
4.099034055622218453e+00 2.002212035323990003e-01 2.039746740633578415e-01
3.919863943270771145e+00 3.141459116987005418e-01 2.469180331645645654e-01
3.808229985804635120e+00 2.737211497094889090e-01 4.676954631469171231e-01
3.819694626759726042e+00 2.197518033561427220e-01 3.713755344791630497e-01
3.402225456587993691e+00 2.555355541646953110e-01 3.785459737960261140e-01
3.584131463870152245e+00 2.475804048937392532e-01 3.095572461416528087e-01
3.739257231951015115e+00 2.586316980369708918e-01 2.789391637840607507e-01
3.876319488634495602e+00 2.053315871700790718e-01 2.328039256033301307e-01
3.386150812544236111e+00 2.036512589710742782e-01 3.010538682934332799e-01
3.127171020000496515e+00 2.442888893694337982e-01 2.113400068783412578e-01
3.446384743004395901e+00 2.326881927447314313e-01 2.205520516133172848e-01
3.807473510626932622e+00 2.311340577177060096e-01 2.529129443461454185e-01
3.661356045262533332e+00 2.325575007175966769e-01 2.787181948208588000e-01
3.471882111689792438e+00 2.592107128777049185e-01 3.738120958345647615e-01
3.388773185503147101e+00 2.559388109507653719e-01 3.550522692650160961e-01
4.167136846982068654e+00 2.598616607946148682e-01 3.876712337520212825e-01
3.360860153402083217e+00 2.916934005278535857e-01 1.879478811320132725e-01
3.762521735686005897e+00 2.664243837510085200e-01 4.322539992808823728e-01
3.766756913535334039e+00 2.191453013000008443e-01 3.704292858524459997e-01
4.093492395244116899e+00 2.742526641783453178e-01 2.424223524213192094e-01
3.603973872476379015e+00 2.438456215227126078e-01 2.478160030357832999e-01
3.852729045743617409e+00 2.188289512612087151e-01 2.343728444402158884e-01
3.936520527863580643e+00 2.497323711165492233e-01 3.603186392042707076e-01
3.793683022623355328e+00 2.624320717612959597e-01 3.145919375104839211e-01
4.077377604775300313e+00 2.178823429593399474e-01 3.391668688992224845e-01
4.066339506442879781e+00 2.453531420196232438e-01 3.445897079822557996e-01
3.618871519685048721e+00 2.261677132158102232e-01 2.919306885711994148e-01
3.988580811738774656e+00 2.416663451137135710e-01 3.262500156912693794e-01
3.393118626795926129e+00 2.211045500701716293e-01 3.411661431574284364e-01
3.473745500686919563e+00 2.561802453055876394e-01 3.208054501297406547e-01
4.032705139502224867e+00 2.539487103379158839e-01 3.978059999554457993e-01
4.398593595785542654e+00 2.181764396535413320e-01 3.588897153945804219e-01
3.590235258427931786e+00 2.416341373979946361e-01 3.412623772665189792e-01
3.583137657699593248e+00 2.907774089709148080e-01 3.236435812270166412e-01
4.457331218758017854e+00 2.190790219792263238e-01 3.295370177091075936e-01
3.725339923272062759e+00 2.118537074665272635e-01 3.373569572079729850e-01
3.605745908971659919e+00 2.926207158411943676e-01 1.681858821106655411e-01
3.603555344002609573e+00 2.835126318283687774e-01 3.245772680319042869e-01
4.210359952419073792e+00 2.684696955154867171e-01 3.344674150691926418e-01
3.242484967458756806e+00 2.700033556346059238e-01 2.095658516349789280e-01
3.660717311129610962e+00 2.730542386568514113e-01 1.995780209048829135e-01
4.333763668525239865e+00 2.310893530150159580e-01 3.301731278653787793e-01
3.586950756283070252e+00 3.154220750631419046e-01 4.323565711514598120e-01
3.834161620945357729e+00 2.734849409168844114e-01 3.064337467359393719e-01
3.995350283550412662e+00 3.002480061858382454e-01 3.022244277143191771e-01
3.816353017712031725e+00 2.270465050457617373e-01 4.683266890026963614e-01
3.587619522797400595e+00 2.277279757086661249e-01 1.578906450446441734e-01
3.312075892212155814e+00 2.349665117011812687e-01 2.758066062562682386e-01
3.959494956441487634e+00 2.769330107189028611e-01 3.690069711266354968e-01
3.621026665309052817e+00 3.105644570049229669e-01 3.297812291294195397e-01
3.768844195934144992e+00 2.599299077082014575e-01 2.128864721084358091e-01
3.096289080134589256e+00 2.916827497653864953e-01 3.440725051033427517e-01
4.042356192412171367e+00 2.080775144212168304e-01 3.098804251439262747e-01
3.783272644956874320e+00 2.318312569722688898e-01 2.866507105960457436e-01
4.125043539237301715e+00 1.986467371011806371e-01 2.692450294498733854e-01
3.715651909636996653e+00 2.788409787971269926e-01 3.456479779624228588e-01
3.435713171905047325e+00 2.920992207678680397e-01 2.558376197341091229e-01
3.506756293519398326e+00 2.457373815164942410e-01 4.159777682086372441e-01
3.299176694437210511e+00 2.693107866252361093e-01 3.069840566363585821e-01
3.364973987479567441e+00 2.155264012665887297e-01 3.844837295105881791e-01
4.313849116926778748e+00 2.846418440830689178e-01 4.272013929944541433e-01
3.418253828767856106e+00 2.121695686207067943e-01 4.469562481433483336e-01
3.532382918893532953e+00 2.208185614238222239e-01 4.245728603883809904e-01
3.825256666820196383e+00 2.531972562968431428e-01 3.126453786845401761e-01
4.421334831461411596e+00 2.453900962266113428e-01 2.949677311549659953e-01
3.907589579061510943e+00 2.586506734942901620e-01 1.411111450451048854e-01
3.458910230433014377e+00 2.175133099874462794e-01 2.831540611562742282e-01
3.281824619534555509e+00 2.577785157741020461e-01 2.389012168138427150e-01
3.844688033968448604e+00 2.169522292687497966e-01 4.632543083417078322e-01
3.805763559775611871e+00 2.854691118427984953e-01 3.325722666397528116e-01
3.637531820642447400e+00 2.080893260537929335e-01 2.503323939081676386e-01
3.818342271052252990e+00 2.337108826425129682e-01 3.534194417171668823e-01
4.283887746620390402e+00 2.672817766827546571e-01 2.303537961011161150e-01
4.080194265228271000e+00 2.863087348904242435e-01 3.049459854088361621e-01
3.200348304971798452e+00 2.961242869714216797e-01 4.238768171602516621e-01
3.870405206216749328e+00 2.144248674575202074e-01 1.276752019164866525e-01
3.394379903561024925e+00 2.744076945319379734e-01 4.798567098530622799e-01
3.832648236790825447e+00 2.912652430347544841e-01 1.502972092577230523e-01
3.724467182184540093e+00 2.504994503826589725e-01 3.210302193589690267e-01
3.565769972949005329e+00 1.948080692952609272e-01 4.461899764145441649e-01
3.522956151003837633e+00 2.415502456219929261e-01 4.516199461028672646e-01
4.157785099799743200e+00 1.875016054413811972e-01 2.337355585244329514e-01
3.474294660377003741e+00 2.966685016214339887e-01 2.183577477437299297e-01
4.161079825722864278e+00 1.725245818420547139e-01 3.277432754067735043e-01
3.341148453916804151e+00 2.663132216214685322e-01 2.803764728034736642e-01
3.931984004451324566e+00 2.020699321273027871e-01 3.756873761670855849e-01
3.200470345293707553e+00 2.893127911900035265e-01 2.322108787621643688e-01
3.747142385203656723e+00 2.385191212017443163e-01 4.205777810156063334e-01
3.611716843511426855e+00 2.640852649935482854e-01 4.649053503642356366e-01
3.645101706447814838e+00 3.197961882937249145e-01 3.653244247167353187e-01
4.108457303534320815e+00 2.304127581426925475e-01 2.569070227132885798e-01
3.925232220827777230e+00 2.574147023141026835e-01 4.442216733575609644e-01
3.439994435715540089e+00 2.858429741888630082e-01 4.057421355739165847e-01
4.190252569277187256e+00 2.450325586095749297e-01 2.390188708885286339e-01
3.275103024628299053e+00 2.653765833275180674e-01 3.338724816660151862e-01
3.644744173073085847e+00 2.442257735493736648e-01 3.453233473021321553e-01
4.090030697056885600e+00 3.264211733271033533e-01 4.002549822822610848e-01
3.394520193988590950e+00 2.686071306334561481e-01 3.897394570084867782e-01
4.001555591960898717e+00 2.956937561907316270e-01 2.179757135717175498e-01
3.703875728318172911e+00 2.696699909463206035e-01 4.127187713493680188e-01
3.981511010623267843e+00 2.370178041124252066e-01 3.185729109924816949e-01
3.835435291951565961e+00 2.460900070005433427e-01 3.415543436885664086e-01
4.132417454696088122e+00 2.510499872984851000e-01 3.299494891801132423e-01
3.055729335808137659e+00 2.410419868970379298e-01 3.689380619500692848e-01
3.979961956987380312e+00 2.658267520322470934e-01 2.322987026259760723e-01
3.675155288114014152e+00 2.355202275432634051e-01 2.620662367594220332e-01
3.127734915812064642e+00 2.326666358898582532e-01 2.722675006451617530e-01
3.609215758450669664e+00 2.411188923624451308e-01 3.640367769242118801e-01
4.264382065665452082e+00 2.700544708025551799e-01 3.820385105323855779e-01
4.114510041787189820e+00 2.643097401349870368e-01 2.904170082852470802e-01
3.576074582273151670e+00 2.409501389959446960e-01 1.888267664820466873e-01
3.098932406388464678e+00 2.425161531263655967e-01 2.956214013387424844e-01
3.588287975504077298e+00 2.737815813288386746e-01 1.606062888347181694e-01
4.026412035247357579e+00 2.986239986271735924e-01 2.837314359776919592e-01
3.420088573292762391e+00 2.166487026699170926e-01 2.562675459981337278e-01
3.437406441777272281e+00 2.286443220058018699e-01 3.884008621534980610e-01
3.716491741823301442e+00 2.784993628712329472e-01 2.782350984968527396e-01
3.532923040075985011e+00 2.443160988095433028e-01 2.769673377902637790e-01
3.815188130049764759e+00 3.013113072671106951e-01 4.114110899436038138e-01
3.801130535704270397e+00 2.273388259987111082e-01 3.121466414156099933e-01
3.388764374744380525e+00 2.834583801537853276e-01 2.123221535630579193e-01
3.429974424931743204e+00 2.387997770435271172e-01 2.567010850862772031e-01
3.635234192628876038e+00 2.506872276315929016e-01 1.281191705132110059e-01
3.571923829999922084e+00 2.435509882177615548e-01 3.681200325142522378e-01
3.358107465149635207e+00 2.880578744075457109e-01 3.359334153679002233e-01
3.664012456987448374e+00 2.295604552924575548e-01 3.438533309287533646e-01
3.775871953272546655e+00 2.072509737542021502e-01 1.205459275219520621e-01
3.976023333374552493e+00 2.389327541179167846e-01 2.515220620996014844e-01
3.887761905307170807e+00 2.686726922533894113e-01 2.676530056405376223e-01
4.007307675423735560e+00 2.692683853848201192e-01 4.167044958399586663e-01
3.286986976535576588e+00 3.077348342490627275e-01 1.963320985096925209e-01
3.927446511378843041e+00 2.462250243985962539e-01 3.740143552347053868e-01
3.834383219577869539e+00 2.567120005103880609e-01 3.215895105476154758e-01
3.689263727896613165e+00 2.204194593425535809e-01 3.926685969429271617e-01
3.451562833021423859e+00 2.599148177233411294e-01 3.341157888675790333e-01
4.206765206178316951e+00 2.752262213461376117e-01 3.642096433670917177e-01
3.680668219395217378e+00 2.730856874478388430e-01 3.692093952749249675e-01
3.402819790082464824e+00 3.175363315751068560e-01 3.509854260889000432e-01
3.665065890954333216e+00 1.744058147419701721e-01 1.926466634938966416e-01
3.231950415083379102e+00 2.394068161589272548e-01 3.038386263022891942e-01
3.787515307808509313e+00 3.118270016210253903e-01 3.214452291911955029e-01
3.683150086691181269e+00 2.600988650118100098e-01 2.451641720528990875e-01
4.080871045546230036e+00 2.061231421049421197e-01 4.566718575420889992e-01
3.486523283417428232e+00 2.524601966063073633e-01 3.005627528803223036e-01
3.636364744835070439e+00 3.223645201959464135e-01 2.451888616354707118e-01
4.188082405781712758e+00 2.719150284455438826e-01 3.246352097275723714e-01
3.640398208257773049e+00 3.142361396587668998e-01 1.760863571716691223e-01
3.637767324768216071e+00 2.401739958151964394e-01 3.486650473127007599e-01
4.033456533370105568e+00 2.616889084328887782e-01 4.166587509827051061e-01
3.480388085535004450e+00 3.022335441878317708e-01 3.926320307061328951e-01
3.565928972263740171e+00 2.396930453368729119e-01 1.409113928377819513e-01
4.301563582285059084e+00 2.562328917601563449e-01 2.851225086648885854e-01
3.705230771433118964e+00 2.309111117089594212e-01 3.404144929214115711e-01
3.481449611461513438e+00 2.460684327118475567e-01 3.182146028464471477e-01
3.860154439268277393e+00 2.476608172427131327e-01 1.824751425660529336e-01
3.632771038487782711e+00 2.735988885277233496e-01 2.532154131745358305e-01
3.555784616268176990e+00 2.775442901442526922e-01 4.169988960359206631e-01
3.477226135200806034e+00 2.385824332057560060e-01 2.963953261239707926e-01
3.544426444348812932e+00 3.308680532207851632e-01 3.775985572910331989e-01
3.842578332027062782e+00 2.401547083747215539e-01 3.346820936991257711e-01
3.791898646572120946e+00 1.814815558788646643e-01 2.154948947939713810e-01
3.617174352462313891e+00 2.291566163109671206e-01 3.670447311497477827e-01
3.873556336483054530e+00 2.629714254973637977e-01 1.345026234468583437e-01
3.541973215206891012e+00 2.955894747911126941e-01 2.420039374065264259e-01
3.651155641423183162e+00 2.809044650793885434e-01 4.340758762942678040e-01
3.776482790709133841e+00 2.466651962927613184e-01 4.519881593754355720e-01
3.381415192747244891e+00 2.895240346609580517e-01 2.777985393304577832e-01
3.497533149970843969e+00 2.476038622133790723e-01 2.766612144093837378e-01
3.781596630178048368e+00 2.752306101210876266e-01 3.445254663968813635e-01
3.857920970590299259e+00 2.077542912247689888e-01 3.082669526271608618e-01
3.791717159476491794e+00 2.543837811543591676e-01 3.816765361320018091e-01
3.778357400948154865e+00 2.321601703695019003e-01 2.957658973542455771e-01
4.046002762110809670e+00 3.243133056214736465e-01 2.282728759446377986e-01
4.362276823022907202e+00 2.866342364940927534e-01 2.160020422987889432e-01
3.674275279231071778e+00 2.305094502727838557e-01 4.222703087595208737e-01
4.072760387341072708e+00 2.832444676716154297e-01 4.937954160791197533e-01
3.728878833835413520e+00 2.771662346379321074e-01 2.704272688159491400e-01
3.500156568710170557e+00 2.972263004958745625e-01 4.663009993671582976e-01
3.236805480878331753e+00 2.446591701091238025e-01 2.811203976811897376e-01
3.568573715344602881e+00 2.674277477827803340e-01 3.526339963420195844e-01
3.288664668103414179e+00 1.881861446067944477e-01 2.831596147754097959e-01
3.794442718531115588e+00 2.516782288800971656e-01 2.155335681436675865e-01
3.296927839800015025e+00 2.208493410549179914e-01 3.802276355982113776e-01
3.511722287627295103e+00 2.910602252190149786e-01 3.858245884947726356e-01
3.577673371176476991e+00 2.643933087394966797e-01 2.404680812637733089e-01
3.593485169228848530e+00 2.560211993691566268e-01 3.873679378086383740e-01
3.677783147170452960e+00 2.742299396572355774e-01 2.211996681175742718e-01
3.538769262351312950e+00 1.918195715609380403e-01 3.561738065984400015e-01
3.413453878709441724e+00 2.929959229796082476e-01 3.109527072126209712e-01
3.432792545400393802e+00 2.435057070962969861e-01 3.116389840655633403e-01
4.028536373127936443e+00 1.684372913939187200e-01 3.154777843418088978e-01
3.354698094281904019e+00 2.760242456843098324e-01 2.340700386129891397e-01
3.465673189929817877e+00 2.320146412212394649e-01 2.662526699243298878e-01
3.874415925291549545e+00 2.390123666167075778e-01 2.657476975794094143e-01
3.813459507554595618e+00 2.347156160918273116e-01 3.412538988519565608e-01
3.345394772323672772e+00 2.764612158317965585e-01 2.530427742434769867e-01
3.895324818682535106e+00 2.291383174017778968e-01 3.755184930386046838e-01
4.017076137765470456e+00 2.836061661219548280e-01 2.246129648047465177e-01
3.337322968394761169e+00 2.090091376008514912e-01 4.224917241214600772e-01
3.866191764889406191e+00 1.863301060253066965e-01 2.127898994379351649e-01
3.224329310117668435e+00 2.370990081043829467e-01 3.216951346717908944e-01
4.013777680323427965e+00 2.627922471723220244e-01 3.302514010326919602e-01
3.388460631250457045e+00 2.408193632154945196e-01 2.549334859560162259e-01
3.466967529209381116e+00 2.677467930312438238e-01 2.916988814715740230e-01
3.956372261097778953e+00 1.904128979458309112e-01 2.659323552144962077e-01
3.392031536100408751e+00 2.527483281700261819e-01 2.256234166064258195e-01
4.082535879362740872e+00 2.980262086509068986e-01 2.828347354284090343e-01
3.694014051273118326e+00 2.227309306432689040e-01 3.739298006354370707e-01
4.103694512365417602e+00 2.257694061136406305e-01 2.944838671029330057e-01
3.385952568173727695e+00 2.252151865939953368e-01 2.708538764510551866e-01
4.215346985221337661e+00 3.108035457005310920e-01 2.891488203141914237e-01
3.769317249142098536e+00 3.094633714585576234e-01 1.894179644151900987e-01
4.181016615208322129e+00 2.426842788656279892e-01 3.521333680509384223e-01
4.305074291155119859e+00 2.085635875222987545e-01 2.928449814251264383e-01
3.832599277337137345e+00 2.761309429955863814e-01 3.570588557292256326e-01
3.412519622098564742e+00 2.515249010270658725e-01 1.823575040597373298e-01
3.650817822653329880e+00 3.061896034463936211e-01 3.591681354818421767e-01
4.221986828373692546e+00 3.012534783507744840e-01 3.721978543081507218e-01
3.843279707145745405e+00 2.445554844941722483e-01 2.458463690996695317e-01
4.074763586264093185e+00 2.631132749452936848e-01 3.490718101328780243e-01
4.076618668580946903e+00 3.103358461941541080e-01 3.358941504098723052e-01
4.104071699012378893e+00 2.729078749432814477e-01 2.668288413840799178e-01
4.093720077156611126e+00 2.789142160401023030e-01 4.477747957896215381e-01
3.781372206500833943e+00 2.070079375239055053e-01 4.578356363205641211e-01
3.503321798567456291e+00 2.501427064682675283e-01 2.593425192706489413e-01
4.150585933407158201e+00 2.524898537711400826e-01 4.792315358716902063e-01
3.211240034486394723e+00 2.800430760830533439e-01 2.554906414995077868e-01
3.669773624857048500e+00 2.040181317012568218e-01 2.561464439373641877e-01
3.865094479700532215e+00 2.301060325671872575e-01 1.765952589347150326e-01
3.479835360003356914e+00 2.617181854868549373e-01 2.969884651013822152e-01
4.169341631100336620e+00 2.246529837724598466e-01 2.964001604668974887e-01
4.097214686545157747e+00 2.527112415364218267e-01 3.440811910657212147e-01
3.409597331549574672e+00 2.317364767580946117e-01 2.437569686488168519e-01
3.564624078452101497e+00 2.481236789328767900e-01 3.167579739095473523e-01
4.071408814123634201e+00 2.561681237421132296e-01 4.532144288318317171e-01
3.411017771579065716e+00 2.499997721229737235e-01 3.549037338010970766e-01
3.728156481794017818e+00 2.394276481627295727e-01 2.949949379016318929e-01
3.239931269437823502e+00 2.412296167715847484e-01 3.638429904303498441e-01
3.160935192490731183e+00 1.903952310920165314e-01 2.930784889639901358e-01
3.458176387869560386e+00 2.858980372976591688e-01 2.674368991011019103e-01
3.891913174648403917e+00 2.226167454509485888e-01 3.347438889643365445e-01
3.612070014511232330e+00 2.281245333899578620e-01 2.526482051356355174e-01
3.643935815707227910e+00 2.337375148786414170e-01 2.045173363616118734e-01
3.509683844542172082e+00 2.336327301750862895e-01 2.848242843568664084e-01
3.797056303882456518e+00 2.477877654177614297e-01 4.549421989960724666e-01
3.661566647253969187e+00 3.056623078836527285e-01 4.464268000475801190e-01
3.439649097810383971e+00 2.664817517176508721e-01 3.762099219268413286e-01
3.844809096183317898e+00 2.375876978553495000e-01 4.007401816824934238e-01
3.541334221939285154e+00 2.710477151073307223e-01 3.953568195854798017e-01
3.949333581390004344e+00 2.242542212614120900e-01 3.491945444626300965e-01
3.620006117970364201e+00 2.812435755042989038e-01 1.196201627591846339e-01
4.160638167278428057e+00 2.420479702386255649e-01 2.506486470168086678e-01
3.895864298713255014e+00 2.520340945836614943e-01 4.004061992395361314e-01
3.578144256428113401e+00 2.571950834706954736e-01 4.006165973792495394e-01
3.825412577168650241e+00 3.197371666520475442e-01 3.585976499214424407e-01
3.241342398493751720e+00 2.625515791682930811e-01 3.861678801347028789e-01
3.718558548760961369e+00 1.839925679382615198e-01 3.476376782477469396e-01
4.117008026995526038e+00 2.163093185368621663e-01 4.090470232590975308e-01
3.583009239249743239e+00 2.493915255767045203e-01 4.859219677881688737e-01
3.957380175970133696e+00 2.892183794785571083e-01 2.889825418313376471e-01
3.661532171905057975e+00 3.026368333014939349e-01 3.265176762566584512e-01
3.906961058691130528e+00 1.876859096708971830e-01 1.923312333046894307e-01
3.938524889389585226e+00 2.430392731999708733e-01 3.654840256136102639e-01
3.562869811225139571e+00 1.946426800494653053e-01 2.905239346953536472e-01
3.978366219189014785e+00 2.557631708216035471e-01 4.289858010505371855e-01
3.868844457354752020e+00 2.695613422425601202e-01 2.085121051749358467e-01
3.392292688345829976e+00 2.392283284386167164e-01 4.113943744807969649e-01
3.630228386646731309e+00 2.226901353664154926e-01 3.633859352665419484e-01
3.743367401512466053e+00 2.558625104571434772e-01 3.972261787486411899e-01
3.737646875292572446e+00 3.155933991863847377e-01 3.490158226754485060e-01
3.808738493375445344e+00 2.035037365897499062e-01 3.869509052941167981e-01
3.468566843654639076e+00 2.230346096239209097e-01 2.450207253752538228e-01
3.912348932973212623e+00 3.133970043643637404e-01 3.813934369039193029e-01
4.062033163321333795e+00 2.266169942174371954e-01 2.273008795010603988e-01
4.429134039814436541e+00 2.476242858997464713e-01 2.858000037713431252e-01
3.917142066402873990e+00 2.551688415071614036e-01 3.117633057449793466e-01
3.601612999934713510e+00 2.073433564359001002e-01 4.117511031369657237e-01
3.849485603671589207e+00 2.860466626743130014e-01 2.588209626116549367e-01
3.876197824573365480e+00 2.096639895373454410e-01 1.655014729557893471e-01
3.859664503482732822e+00 2.323886888530475314e-01 4.183807313446420428e-01
3.936874349281100915e+00 2.687692090866098393e-01 4.181395737246381694e-01
3.861533601391736070e+00 2.613017381224009839e-01 1.606041071038402657e-01
3.893277693097408232e+00 3.027133237402764299e-01 2.982139937768977234e-01
3.393704667994128954e+00 2.685834010180999099e-01 3.477444644040386112e-01
3.628112261904036906e+00 2.891404490536679250e-01 3.950809647661277513e-01
4.189683173732574595e+00 2.239619918405210408e-01 2.948313416325325509e-01
3.539220438343547048e+00 2.070262381310023492e-01 2.972391743868520453e-01
3.871832056097147756e+00 2.646824111915324629e-01 1.916479233593626486e-01
4.038731252304430086e+00 2.657722387281093446e-01 3.087913414358239295e-01
3.202075688625102945e+00 2.072672902856463883e-01 3.047260305001280312e-01
4.071060602404117823e+00 2.056523883263461361e-01 2.419364273551414812e-01
3.608765241324882300e+00 2.534448333871427983e-01 2.757341600527053460e-01
4.456613130651425614e+00 2.395652259927885386e-01 2.951321888194857745e-01
3.583795212848412959e+00 2.232053128670347941e-01 3.254402700062793419e-01
3.787914595939018803e+00 1.921087624471826405e-01 3.646056670760362550e-01
4.183163703444479964e+00 2.268326907396690517e-01 3.330788911218490189e-01
3.690099894886688325e+00 2.729195004803858793e-01 3.477094435496221880e-01
3.437998154538616902e+00 2.462967532838537255e-01 3.718130369421899228e-01
3.764464557434898939e+00 2.710631346965705069e-01 1.850292493092012269e-01
3.554739657616805104e+00 2.677875548287906859e-01 4.410892137272927616e-01
3.959380607792990947e+00 2.374417449319630724e-01 2.904934231976902814e-01
3.851068641265762871e+00 2.921812786833949405e-01 1.843785830681020088e-01
3.947376602270265877e+00 2.472461189480489596e-01 2.094420224324356761e-01
4.205068538686028923e+00 2.268712618774461065e-01 3.225332307263066300e-01
4.078565004198615895e+00 2.117268840843134770e-01 2.017426414687366332e-01
3.963640244757713482e+00 2.056053942136331913e-01 3.689820480456180718e-01
3.489538832019838388e+00 2.321351746714600539e-01 2.742724196305301176e-01
3.168425255202233171e+00 2.354036048866699760e-01 4.438963308891801240e-01
4.163721477734281251e+00 2.628598694459108320e-01 1.933208281650650173e-01
3.667623967715695876e+00 2.201369952685196529e-01 2.612237523185236276e-01
3.677029302478689754e+00 1.869314278814131480e-01 3.534637880326217396e-01
3.438233876039976877e+00 3.103058815717946728e-01 3.705933792445190722e-01
3.651468500112839521e+00 2.893366494350318452e-01 3.058562864385395708e-01
3.854904056001486889e+00 2.465696760325487569e-01 2.793224959454949086e-01
3.349658100166860830e+00 2.380911309727430092e-01 2.989490784165167447e-01
3.960273822944274436e+00 2.115415656469405992e-01 3.962083568801615385e-01
3.774040847339280802e+00 2.382188697606043015e-01 2.937391826840446973e-01
3.842362523644378136e+00 2.817886032839664878e-01 3.042764849410747319e-01
4.184687412177146904e+00 2.165178260709387514e-01 2.977496368546241889e-01
3.535987769772484413e+00 2.300223139562809771e-01 2.699150985343942155e-01
3.702684495464004577e+00 2.785587418914535207e-01 3.663219427128081573e-01
3.791528529390139735e+00 2.896463532735414903e-01 4.184847231737075512e-01
3.704394093533136978e+00 2.835736869600504750e-01 2.467719756499751615e-01
3.938922214224344742e+00 2.657347516506434193e-01 2.122271592187406908e-01
4.219174729535968282e+00 1.831641125585798946e-01 3.122344751378784422e-01
3.931256959143616836e+00 1.581678578001354529e-01 3.376760544781855500e-01
3.459079853645051994e+00 2.036468525772704707e-01 2.488581625406720566e-01
4.196946108164742562e+00 2.729844748091986295e-01 2.965945002124252827e-01
3.976231381537418397e+00 2.452974022837038914e-01 4.287487652080668177e-01
3.743603011834926164e+00 2.722995992576203172e-01 3.334623915264199323e-01
3.820903207821837455e+00 1.891776155587797104e-01 3.199104561527519319e-01
3.520512946519509079e+00 2.358003538909411445e-01 2.474321181970200734e-01
3.650999573919303298e+00 2.565972395019878727e-01 4.839758176896797881e-01
3.658951587599620581e+00 2.511513721386802733e-01 3.863879872102469193e-01
3.800532211027431995e+00 2.203257761838668949e-01 2.995215413929137038e-01
3.577222661253502078e+00 1.620601510140826651e-01 3.148687426723094096e-01
3.588983022018963354e+00 2.656078771915124648e-01 3.410695026269657260e-01
3.901397375336766338e+00 2.978745905827233642e-01 3.462487469999389611e-01
3.669236644749277687e+00 2.117964603240375110e-01 2.367772904057897088e-01
3.408705586757362127e+00 2.657901377080968408e-01 4.923553291743278937e-01
3.756011633731387800e+00 1.909894965182300786e-01 3.512568128593393513e-01
3.613991011524647412e+00 2.163400046882325567e-01 3.590664861196819491e-01
3.565920937097303955e+00 2.705394118124683778e-01 2.946114737553799379e-01
3.496786988857430334e+00 1.994363405590105220e-01 2.203670366472689490e-01
3.929791732122577930e+00 2.822366409709046176e-01 3.518550017774360605e-01
3.609741057263888830e+00 3.133468101851292764e-01 1.915835597603779139e-01
3.575376849990722583e+00 2.580443145304988639e-01 2.905424512957764938e-01
4.181123870153283129e+00 2.292953950341949931e-01 2.276320513637092313e-01
3.982933659416088901e+00 2.806647526289006711e-01 2.052911415909546844e-01
3.805999710603356956e+00 2.193997925618311196e-01 2.183341315647843728e-01
3.656526643788296838e+00 2.043304390697767703e-01 2.011199587664437294e-01
4.038439323471179065e+00 2.714435205237712423e-01 3.189782914910971878e-01
3.444391972985366035e+00 2.708865375551145482e-01 1.832172304796936546e-01
3.859951575123181655e+00 2.948396288648477692e-01 4.108694548859911921e-01
3.701503785384267164e+00 2.040318237328414275e-01 3.133577475829812942e-01
3.591596434738806742e+00 2.183391693556984703e-01 2.140374113032842140e-01
3.567973599011568187e+00 2.993661347487619473e-01 2.862651368831433119e-01
3.805989848456062141e+00 2.319815415789737989e-01 2.729877195228606612e-01
3.201564735749348856e+00 2.143804575890171371e-01 3.954358953647061359e-01
3.611008398613647419e+00 2.535526960430731225e-01 2.471546701847095462e-01
4.143298281885470224e+00 2.354965685514322782e-01 3.422851174922756923e-01
3.312795944012801641e+00 2.630804786392996752e-01 3.564364945261465079e-01
3.637496232670875518e+00 2.223489715837909386e-01 2.148053434404294804e-01
3.966125088602504789e+00 1.820052908596561103e-01 3.136261995426243843e-01
3.885650432429498036e+00 2.293392643058635993e-01 4.594303229269851574e-01
3.703896344127293183e+00 2.265352765507943067e-01 3.392971204140342034e-01
3.978264765546227988e+00 2.841140597443588822e-01 1.978738701009340184e-01
4.027403489364780320e+00 2.332734381477127306e-01 4.016918829383975265e-01
3.584428048163484704e+00 2.834710747945515252e-01 4.134552372073149740e-01
3.385094966804232719e+00 2.367270131032896963e-01 3.064268167224038497e-01
3.887709121700329007e+00 2.764395301151005846e-01 2.654354787914348646e-01
4.066220579578491368e+00 2.141620641478655940e-01 1.900794585909860168e-01
4.090199858987237924e+00 3.042523963606960091e-01 2.992360678524853546e-01
4.063040878358924246e+00 2.507691213081917891e-01 2.897950110673651603e-01
3.689354073670759959e+00 2.610964877165687925e-01 3.663322975776506785e-01
3.378458855771737213e+00 1.919164719283803222e-01 3.614097554659509992e-01
3.290095297235799077e+00 2.377336096057791892e-01 2.616301997408129743e-01
4.109551739658253489e+00 2.109004663376368716e-01 1.816407114402262823e-01
3.260262953437512934e+00 2.047939140717166540e-01 3.066008890244055762e-01
3.920659829382770578e+00 2.439866858356441182e-01 3.246317098608042517e-01
4.116906529093120604e+00 2.584008078356699878e-01 3.620915808251132240e-01
3.952397395464101404e+00 2.167129495083944257e-01 3.368242057229465236e-01
3.422900322501170489e+00 2.878244948452309826e-01 2.685934269056181600e-01
4.322648624034698628e+00 2.689315270672087421e-01 2.582201786224617157e-01
4.057139452930660362e+00 2.148974433848204746e-01 1.327767055725792011e-01
3.741402392523232034e+00 2.926268473702853257e-01 2.112492239878154265e-01
3.665104900309624103e+00 1.859222191255014978e-01 3.652262658274387785e-01
3.829630015635728579e+00 2.523239978174611764e-01 3.450653068887961084e-01
4.182172920082770418e+00 2.027227149025168651e-01 2.968529056422795631e-01
4.132172694575551475e+00 2.167541962113859744e-01 3.219862034997942879e-01
3.601157536321789809e+00 2.594325629142913425e-01 3.546761368579173235e-01
3.405359420524295189e+00 2.322622257672398161e-01 2.784972382587768136e-01
4.432609172718878554e+00 2.142094495536907006e-01 3.008869079382339162e-01
3.775043435815648607e+00 2.794520673902088359e-01 2.898239875537103605e-01
4.306695635965964719e+00 2.326716513946900933e-01 2.700069426157068464e-01
4.187710301121618350e+00 2.432142524160930686e-01 2.358639162930699085e-01
3.834010991499512855e+00 2.711814194925395438e-01 2.572502641075694596e-01
3.808894983340910922e+00 2.037282782627319599e-01 2.880628454366230828e-01
3.959067036245897508e+00 1.718145812266071715e-01 3.964198563348148574e-01
3.766470442183808665e+00 2.376658148016971561e-01 1.839148502496553150e-01
3.590400502329850418e+00 2.076118538681492320e-01 3.688291861586899256e-01
3.813962580183279272e+00 2.295451910366717585e-01 3.633063935954535251e-01
3.385990845262731419e+00 2.610530988138184960e-01 4.870675879698525002e-01
3.896842618788527002e+00 3.032114855882167559e-01 3.272762727307715891e-01
3.550652456436842463e+00 1.910329435643758067e-01 2.086275261354174071e-01
3.686733524714804755e+00 2.704614474059834350e-01 3.667017862440422604e-01
3.393303663960701932e+00 2.506829884316261747e-01 2.783083918275792157e-01
3.903563859764934030e+00 2.858543554490427518e-01 4.663618095530789320e-01
3.946405012770273668e+00 2.507185197084167427e-01 4.067979424464024385e-01
3.959012063967982886e+00 3.234107140890381538e-01 4.017160910584426370e-01
3.722921569782047690e+00 1.907925036264542795e-01 2.618226704258651560e-01
4.263770838210505509e+00 2.833021092132015362e-01 1.845676226332532421e-01
3.815492215921641783e+00 2.518656649754417165e-01 3.758284074706552680e-01
3.939546212177283291e+00 2.634442905647595978e-01 3.297881629434669670e-01
3.449749589714598663e+00 1.985122200228614520e-01 3.492262084273998757e-01
3.560262097742236787e+00 1.812959352944256697e-01 2.853285386521463018e-01
3.607899174645864626e+00 3.097969753201312848e-01 2.387794447198867964e-01
3.248172194417396685e+00 2.270635176322523263e-01 2.579308081829654320e-01
3.843854140587454449e+00 2.583114586374163912e-01 1.401532983101386187e-01
3.604508764853946445e+00 2.208983980340814002e-01 2.818604320733563706e-01
3.319048989484522316e+00 2.679564454404645968e-01 3.512100854616713175e-01
3.993598785245090710e+00 2.454410989073242955e-01 2.288650517416283559e-01
3.856009635454332951e+00 2.295533603027524461e-01 2.644687551504149581e-01
3.424160056805734431e+00 2.615243965239325563e-01 3.175450361914209374e-01
3.803810969811657561e+00 2.087852759055940366e-01 3.557271852554779734e-01
3.669546296178111344e+00 2.896367756949305150e-01 3.527750222962319215e-01
3.843924511775345998e+00 2.614134344082649219e-01 3.261441956697899158e-01
3.617814984497731423e+00 2.208290000266237008e-01 3.325304403069919701e-01
3.530884096167158148e+00 2.789981384854676172e-01 4.588844834329351974e-01
3.932285312633005514e+00 2.469166329045737185e-01 2.997511297209218273e-01
3.832035568689110328e+00 2.143449086762810596e-01 4.227112651718908931e-01
3.727192170107248348e+00 2.629913145914495320e-01 2.367305919640461942e-01
3.542852390885098846e+00 2.470411143602884996e-01 2.095726170849367409e-01
3.437615036619501296e+00 2.517437660425138612e-01 2.508707521795504047e-01
4.176303136524769144e+00 2.524160484294344364e-01 3.110730997477811899e-01
3.594606532163159507e+00 2.425220593272532643e-01 4.306507544709942126e-01
3.827445878954829794e+00 2.506537737675824107e-01 3.080522420607922918e-01
3.744388501281222581e+00 2.881070866475824443e-01 4.217685943010820449e-01
3.862039666501779323e+00 2.055164917475384156e-01 3.213071986210753739e-01
3.635513157440684484e+00 2.119031630068799743e-01 2.463251480345610700e-01
4.130547328916763128e+00 2.643332379670728649e-01 4.150223331771896174e-01
3.504762689876756543e+00 1.606536422450057511e-01 3.363947315622695666e-01
3.178308315351680235e+00 2.280433311628125292e-01 4.022636272509766964e-01
3.684908780280491403e+00 2.249125609086579380e-01 5.094900041959962156e-01
3.361976944495693509e+00 2.093921104519843868e-01 3.367366476009714393e-01
3.469904920716443186e+00 2.115606591438873862e-01 2.423758326233864668e-01
3.794677498624939194e+00 2.986009220657285246e-01 3.349715798377645437e-01
3.294294541643842944e+00 1.999512968489083331e-01 3.609177247544634315e-01
4.053082235738365569e+00 3.264784788555002426e-01 3.212549669309255895e-01
4.025439870832810740e+00 3.064989416451079918e-01 1.903769014479944344e-01
3.675051829359700761e+00 2.312158004636027386e-01 4.195064092649537502e-01
3.989709755223671994e+00 2.423991817626507950e-01 3.977741034864025194e-01
3.876406411426042364e+00 2.229251958974051984e-01 3.101606296707716814e-01
3.317935219997372620e+00 2.793844577450352862e-01 3.213113284020118754e-01
3.987836780270736181e+00 2.788771500021324790e-01 2.419097649992028587e-01
3.898484541184515706e+00 2.728803589641902172e-01 1.907997978617310686e-01
3.510621688907529681e+00 1.726673356512952728e-01 3.270258819457366739e-01
3.657854147727978233e+00 2.000484057206694533e-01 3.323074803202371030e-01
4.232820318467853227e+00 2.229129277889753125e-01 3.072057035277342973e-01
3.785422301606673479e+00 2.862980186876197819e-01 1.950543638000035718e-01
3.386011215659589624e+00 2.594067225458142056e-01 2.420515643918077497e-01
4.146109497811706568e+00 2.129618818823679482e-01 2.015434832375867513e-01
3.393117204396218778e+00 2.573808793027224651e-01 2.842128574408117614e-01
3.344117548069454493e+00 2.352650627927016791e-01 1.460662274961424256e-01
3.106849180126020293e+00 2.930997844829393850e-01 2.775870311515102329e-01
3.631653236810791885e+00 3.076862016849430947e-01 2.046659932853532315e-01
3.434095949726436725e+00 2.852820389927354650e-01 2.405988422587001241e-01
3.813089007277188802e+00 1.959690790957810125e-01 2.251112152293138768e-01
3.563514753661279233e+00 2.017948056864654616e-01 3.434135989957863844e-01
3.891690054593054171e+00 2.590487097809271999e-01 3.120627915062803015e-01
3.669375976287313268e+00 2.634419306986237608e-01 2.568709668282326830e-01
3.636895857046618996e+00 2.731635593141183982e-01 3.422836774217559719e-01
3.741038089375102516e+00 2.252728436148458691e-01 4.113245928392754158e-01
4.226381902815952607e+00 2.333881150114034408e-01 4.007981812134563393e-01
3.719317411504202919e+00 3.407168520594245908e-01 2.830546203263245575e-01
4.006680133173612823e+00 2.331947108960494841e-01 4.028690906665437499e-01
3.556258969469115794e+00 2.858644805607156170e-01 4.090347796255309198e-01
3.958759034209495820e+00 2.154904665302709299e-01 3.782877728672070505e-01
3.470360333017108001e+00 2.307213698139185809e-01 1.830236957348737592e-01
3.903032708092216918e+00 2.438250461211561027e-01 4.496455921282522250e-01
3.885031435240792863e+00 2.309873222194959164e-01 3.211169089641008889e-01
4.065454899064850025e+00 2.803301737285371353e-01 2.760432406653843818e-01
3.212010179225388118e+00 2.197077437753906515e-01 3.088356796029149143e-01
4.146893556839404305e+00 2.247550791282712790e-01 2.893565690062382956e-01
3.866330940542546557e+00 2.700603921572288790e-01 3.450746611337710545e-01
3.477220843336976230e+00 1.865534612232169209e-01 2.489716539333211021e-01
3.658711339878248037e+00 2.900334379398529228e-01 3.953574744849657208e-01
3.822114183286298150e+00 2.288138381667825516e-01 1.588561364350740135e-01
3.855083100873026858e+00 2.166672216209619695e-01 3.238567226758030659e-01
3.944209053090591333e+00 2.777066976030333478e-01 2.782377131439714435e-01
3.881764926954116124e+00 2.537594119345066290e-01 2.370592845648255009e-01
3.376634994050700556e+00 2.650035887873091744e-01 4.416285499543564641e-01
4.139347358982619518e+00 2.366095889257039397e-01 1.932699339682040496e-01
4.146980201625130036e+00 2.732056580492290832e-01 4.197481373447473629e-01
3.301578887416896091e+00 2.222075488658924458e-01 2.589027112891429949e-01
3.479254201111177114e+00 2.870790395772254699e-01 4.534601107382893459e-01
3.623874419526301072e+00 1.802887680133223869e-01 3.875197044135835767e-01
4.092371359674105591e+00 2.505165098328734352e-01 1.815037456317017406e-01
4.036827854747955691e+00 2.824736118903609094e-01 3.001723701519123932e-01
3.924577627367207722e+00 1.572400693302532793e-01 2.760421137360907218e-01
4.108262400174517381e+00 2.585589456300585454e-01 3.428983198319413006e-01
3.214356098696710795e+00 2.465563949006237543e-01 3.771632155950716547e-01
3.386916083943756206e+00 2.584264601012340457e-01 4.406008647811741064e-01
3.851352342238377968e+00 2.028516467251715583e-01 3.827984770935286551e-01
3.642533873380465526e+00 2.754080027819779120e-01 3.161086780398966178e-01
4.269473570485861735e+00 3.189673225951170088e-01 2.913816255354751972e-01
3.315679932965599708e+00 1.987689785122145059e-01 3.231364816675191820e-01
3.817379444669585897e+00 2.433402787385127441e-01 3.904990777340525687e-01
3.870981606516288753e+00 3.017929680213703447e-01 2.974512432204375889e-01
3.862247956578723773e+00 1.748546860590231566e-01 3.942058934183499952e-01
3.673690318794951448e+00 2.877967474042515961e-01 3.206582343487568432e-01
3.429834190206640265e+00 3.098021356874176013e-01 4.010486315368670951e-01
3.623071706809371406e+00 2.439475979867066768e-01 2.807991363523206774e-01
3.910108287293911911e+00 2.678863021409574885e-01 4.164071241169549076e-01
3.745089887725992828e+00 2.717764414235344650e-01 1.836638164098395587e-01
3.398834461435928933e+00 2.018583598539587243e-01 2.203327686078592196e-01
4.251511606912137253e+00 2.876059073298515290e-01 4.147526872739027981e-01
3.749036920584788657e+00 2.391350429832254376e-01 3.386002775943472431e-01
4.100053766199171612e+00 2.002339739107798500e-01 1.570535632042379115e-01
3.981128597657018986e+00 2.225459726699492435e-01 1.518275265506567051e-01
3.713868971365545057e+00 2.699913549833211079e-01 3.976831283134852901e-01
3.423783388976593400e+00 2.234848681709782903e-01 2.880379624869769950e-01
3.697721738306317008e+00 3.136631305497538658e-01 2.604807643607055523e-01
3.923263951391111615e+00 2.667758078779063902e-01 3.127113365913916643e-01
3.670137362264389136e+00 2.249041486170188786e-01 2.828847315740566914e-01
3.819157888600802409e+00 1.961755764365168964e-01 4.728228234138428521e-01
3.792338214209620251e+00 1.905852216840025204e-01 3.453278500395181583e-01
3.808933483056504254e+00 1.841578847320917145e-01 2.901988917952321723e-01
3.875609667215808685e+00 2.973571076370051247e-01 4.672797570546236012e-01
3.891918674673035650e+00 2.160301758073902845e-01 4.122293329691174568e-01
3.839058595370999694e+00 2.420967470125214016e-01 3.860006100545875229e-01
4.213041972653938316e+00 3.018384986443354290e-01 3.407653402804826648e-01
3.865577891701375890e+00 2.629133222095258460e-01 1.541348725982856493e-01
3.302423167819450889e+00 2.999954922973609994e-01 2.303961473542279204e-01
