3.979280818953550902e+00 2.117341905954276959e-01 1.941878726093744234e-01
3.995944938500012533e+00 2.296891817120727819e-01 4.009027631912191469e-01
3.868433220920162618e+00 2.588470128139687687e-01 2.193921551757206101e-01
3.696555174326046078e+00 1.717358556787908497e-01 4.348290283983019533e-01
3.724456632221547103e+00 1.739947861676298668e-01 3.074657544277991095e-01
3.769756226982325931e+00 2.382783841186868756e-01 3.078700506634027279e-01
3.789627546812066150e+00 2.558121017739128367e-01 3.650716418491943838e-01
3.466187388487635523e+00 2.708557105413877952e-01 1.861798168629621442e-01
4.220005756357584126e+00 2.268952498604005497e-01 3.423821238957709956e-01
4.190124835802863323e+00 1.895523299440164955e-01 3.537006527207637863e-01
3.499989710846127977e+00 2.464473933984181186e-01 3.406724357833729178e-01
3.269009914725686361e+00 2.449816807384997130e-01 2.983049786902867151e-01
3.448603171923683597e+00 2.649205516313860032e-01 2.421327879745762690e-01
3.609814506499628983e+00 2.773805338803639886e-01 2.409537958346422704e-01
3.616263351076674404e+00 2.488139251097485904e-01 2.727658851382455119e-01
3.713728577085922300e+00 2.296410864611272418e-01 1.491650043901837086e-01
3.625216463775993603e+00 2.186400459498551441e-01 2.836393478054832773e-01
3.812624726747681159e+00 2.082396668666449124e-01 3.806411068174740953e-01
3.230629025434436752e+00 2.406601190832078352e-01 2.416816755580191156e-01
3.922360532332003213e+00 2.654507777349286446e-01 2.876231191957577815e-01
3.500075439777333930e+00 2.848950420636087166e-01 3.593930060054122411e-01
3.673082574313592197e+00 1.669318505726758439e-01 2.780331223572355959e-01
3.948592811475827080e+00 2.484611314468771759e-01 4.106172351566217960e-01
3.550681558510705660e+00 2.797841603864074100e-01 2.231808802665491420e-01
3.973296807943119457e+00 2.662037226550584279e-01 2.163626234655369740e-01
3.731824869691974911e+00 2.682420579697925023e-01 3.184428089362932313e-01
3.611251475140479172e+00 2.526828572445429799e-01 2.174917068586333657e-01
4.043792710655287337e+00 2.745937958350698760e-01 2.755319358988355671e-01
3.887559591954398819e+00 2.313738332714909418e-01 1.825368910146820123e-01
4.050215513311240301e+00 2.499099189719520275e-01 4.081521591295509954e-01
4.025463717395376229e+00 2.042573023491722761e-01 1.867283788560844815e-01
3.468089594178777268e+00 2.668150880407293979e-01 4.189465167353436104e-01
4.272143996857812098e+00 2.800434898745554069e-01 3.601082075878506705e-01
3.870029730141672175e+00 2.309433566334936350e-01 3.772015994419553042e-01
3.879067968851092729e+00 1.961182219111687330e-01 3.283196465809127829e-01
3.932592277490989385e+00 2.083773707115095797e-01 3.001762298134425522e-01
3.417927572982525142e+00 2.886350162829179888e-01 2.902187404505149337e-01
3.703018834332785669e+00 3.347745285043674524e-01 3.802078528941880697e-01
3.469796972637945398e+00 2.375971741274325033e-01 2.180658163327635901e-01
3.825286513358110430e+00 2.111533311861544249e-01 4.201435261401299526e-01
3.539137472540188512e+00 1.901521636098375545e-01 2.251986824111407715e-01
3.706126885991735787e+00 2.862276156220888157e-01 2.490680611077554785e-01
3.536935264707570692e+00 2.793960783689376504e-01 3.174061829835996829e-01
4.008160321949961968e+00 2.816251336716257270e-01 3.972594401459536573e-01
3.604512547043063453e+00 2.131333785391217872e-01 3.177830013968052092e-01
3.321345081763864115e+00 2.823721450702066371e-01 3.664401287659140860e-01
3.484889244774341144e+00 2.439354950648652542e-01 4.377139060345061061e-01
4.057643310492652589e+00 2.016339816897407267e-01 2.955367997422206905e-01
3.351093708599414800e+00 2.909703340986248832e-01 4.041995851618410684e-01
3.916352333854745904e+00 2.149160103930989052e-01 2.505795281465605928e-01
3.099969446540982609e+00 2.891126758707774358e-01 3.042908667916467413e-01
3.675207017782630814e+00 2.454722248589595035e-01 3.359620591087171815e-01
3.415512097581565598e+00 2.450832891392746571e-01 2.202264204362057165e-01
3.720398121410580128e+00 2.273525940257039857e-01 2.732294529609843314e-01
3.868227790890474971e+00 2.405684227426428123e-01 2.871481201737298150e-01
3.917625924065550436e+00 1.674946855745845509e-01 2.595254159344844713e-01
3.456983899698114371e+00 2.599711401763246110e-01 2.439658038589900269e-01
3.190245401798466052e+00 2.361780638359811391e-01 3.697431202263755101e-01
3.921340740613957987e+00 2.321235719493663641e-01 3.501086874334374266e-01
3.021706013940090862e+00 2.301513467354683040e-01 3.080328635493591594e-01
4.120730518915988405e+00 2.836221980940483167e-01 4.104064552640833141e-01
3.954453713123231573e+00 2.758175998338185941e-01 2.803239771558748150e-01
3.797712504086288021e+00 2.429414425475088235e-01 3.892398753825220270e-01
3.781237666330425018e+00 1.985510080507190689e-01 3.604829314740981006e-01
3.981568708639781295e+00 2.121117573873084750e-01 2.691464020703824289e-01
3.801085566366404933e+00 2.895474678507654609e-01 4.398277689690648362e-01
3.680646522372978069e+00 2.370885425300173766e-01 2.995521219120036993e-01
3.454008598526568274e+00 2.505783562843051371e-01 2.563023839958250560e-01
3.494357151727796484e+00 2.407467588482572474e-01 4.071867556478722117e-01
3.650396879372070469e+00 2.795382168301182024e-01 4.107897462638332442e-01
4.110368840240241184e+00 2.509111329501699239e-01 2.259673187542099448e-01
3.941657919901893958e+00 2.887714489093426429e-01 2.140239459450377635e-01
3.436169203303083730e+00 2.693510584210674907e-01 4.584979028912645749e-01
4.129379073028202285e+00 2.837305140740105092e-01 3.843102738461177115e-01
3.793597919071136637e+00 2.714677620540492109e-01 3.722613559287967777e-01
3.463518815554081698e+00 2.866006354510461929e-01 2.649484071002055074e-01
3.502656204996711597e+00 2.673402061917979911e-01 4.258334346104142298e-01
4.006259717847761692e+00 2.778495973030436494e-01 3.219687159207221816e-01
3.629676806166996172e+00 2.286024580454990018e-01 2.509084247405385937e-01
3.779195064799577786e+00 1.946095822450563673e-01 3.109034462929550213e-01
3.628649653441409217e+00 3.079427277152124165e-01 3.448008147195320006e-01
3.575073916216048087e+00 3.027894611436103833e-01 2.395702595839231674e-01
3.604411279329735152e+00 2.444682798917479083e-01 2.636688819430000885e-01
3.902441765067081292e+00 2.759650520098610449e-01 3.904776230219138000e-01
3.766001743597575224e+00 3.011169474392852985e-01 3.804122100346908342e-01
3.863517512893061667e+00 1.869905981393436001e-01 2.966602054547051726e-01
3.667278476199684611e+00 2.309787628299855566e-01 3.732763108566852228e-01
4.150290173947817962e+00 2.075601566076297477e-01 1.722799373417768509e-01
3.581223894748520653e+00 2.386828307450878095e-01 4.486287934101730879e-01
4.096981650544466724e+00 2.412954939218158179e-01 3.241913616488011352e-01
3.731974420228040046e+00 2.551241429886628720e-01 3.443427008327794026e-01
3.903383510559218283e+00 2.163587366652672539e-01 2.186580760541245727e-01
3.757230656611179054e+00 3.287708302308824937e-01 2.390503620005707264e-01
3.430062441188741928e+00 2.612615612621655981e-01 3.308334102140670918e-01
3.113379927102760014e+00 2.570466895752200331e-01 2.553707449712219746e-01
3.427343489798376552e+00 2.706696092702177148e-01 1.753639680276981305e-01
3.790158953547189125e+00 2.302253511602219138e-01 4.290479593121332424e-01
3.561952696638079896e+00 2.467379996414064691e-01 3.466987728822739645e-01
3.587102196304248203e+00 3.055148818506009945e-01 2.696445004864192474e-01
3.547767378992352505e+00 1.979197171393382859e-01 2.517726167267259618e-01
3.727395946568821117e+00 2.252826646786528775e-01 3.024429044747042883e-01
3.602949764648857300e+00 2.090915295867872281e-01 2.578837753931432775e-01
3.208166032966471626e+00 2.949808644559066551e-01 2.250636529153755006e-01
3.402501939910655970e+00 2.691530218371700478e-01 2.860189584692941489e-01
3.393940837848060887e+00 2.817067906211079276e-01 3.302979191562853134e-01
3.704270734109727847e+00 2.040081538055448507e-01 2.634297062832996472e-01
4.055830828681802558e+00 2.687533233999781501e-01 3.560134259447071403e-01
3.923618535660283513e+00 2.215671079787704112e-01 3.562918533392307463e-01
3.647384801876890403e+00 2.806210206714996880e-01 3.770201300712064940e-01
3.924278490022862886e+00 2.776447548152554123e-01 3.070411033042970139e-01
4.139587682147509717e+00 2.399164669606486111e-01 2.835421416120467164e-01
3.397660364310357117e+00 2.430269292007255222e-01 3.863001946757669280e-01
3.673827830849736742e+00 2.599909225649100764e-01 3.689432826341835225e-01
3.507005607456337604e+00 2.268360513868735162e-01 2.490295886109307744e-01
3.828349918761110082e+00 2.500317077894587126e-01 3.518679562311958220e-01
3.682146921267708706e+00 2.680232499398968460e-01 3.240453871676133857e-01
3.366990092301320292e+00 2.303022522633634828e-01 2.705312463919502530e-01
4.085263283191026495e+00 2.550289138571351089e-01 3.688984191118412359e-01
3.612550817673813253e+00 1.841416615083420749e-01 3.371149507336588247e-01
3.737786995399886347e+00 2.435361352730751328e-01 3.764571987547462029e-01
3.701821853604220003e+00 2.429288964456779443e-01 4.684118816090344639e-01
3.369993926478909163e+00 2.202393548829323644e-01 4.689075492037306780e-01
3.924662604897029894e+00 2.594182746809077234e-01 2.409319301614946673e-01
4.044085770766137067e+00 2.706161369311277376e-01 3.000708355469234867e-01
4.112236701300099995e+00 3.058474970618516031e-01 3.352978946838681140e-01
4.212996821343150344e+00 2.644735633057457846e-01 3.174305759597531584e-01
3.973442468429609242e+00 2.376433320672440841e-01 2.443184032453085686e-01
3.897663425501060708e+00 2.139922967825913791e-01 3.685282969651879625e-01
4.100743028550489555e+00 3.065618422417241695e-01 3.587961808710480316e-01
3.704657466775552521e+00 2.897053135260139189e-01 3.625325979187119518e-01
4.161402355187174606e+00 2.677883298165834591e-01 3.341642729595598604e-01
3.670117791450097311e+00 2.637655488984473329e-01 3.030707020494885495e-01
3.793943860816057168e+00 2.229452830174290523e-01 3.868618027872570697e-01
3.598336242748587210e+00 2.000249432084879875e-01 3.810972945134948886e-01
3.455141338582729649e+00 2.789191140028212113e-01 3.667658579531591356e-01
3.746587351606923466e+00 2.425261112078497538e-01 2.367198930658650780e-01
3.979611541592135815e+00 2.591656416110051930e-01 3.194350972240511122e-01
3.548057941558167006e+00 2.524897859303595338e-01 1.918997361433926740e-01
4.181144898453985626e+00 2.504154530417667113e-01 3.853772766198541033e-01
3.358002822388030939e+00 2.713944540691308749e-01 4.696909522185790942e-01
4.028933762904181926e+00 1.918708221496241151e-01 3.791721307136466379e-01
3.531182213658600855e+00 2.676432769337265816e-01 3.326767478349239027e-01
3.313161644074655854e+00 2.441814207994578434e-01 2.210273870922745965e-01
3.793130132386649755e+00 2.304306528368298967e-01 3.748204481085969375e-01
3.428651240559834168e+00 2.347376473279188802e-01 2.232208624660074747e-01
3.865447546428799175e+00 2.840624946475123203e-01 3.706138214255209062e-01
3.672554655142183933e+00 2.608545797715214332e-01 2.546592510903718520e-01
3.222517081481398371e+00 2.503964174997247438e-01 4.256600743221797822e-01
3.917043469834540659e+00 3.266909961385527361e-01 2.788952729680129750e-01
3.983300044495454717e+00 3.028278979401476390e-01 2.724581481161997276e-01
3.729752681677112935e+00 2.889638831241383987e-01 3.122155133148751260e-01
3.702991393130359743e+00 3.101712584216729240e-01 3.658989022057872464e-01
3.680957148760434894e+00 1.950187610871355615e-01 2.532017415156658791e-01
3.858506260866770177e+00 2.648320214904175129e-01 1.798004643680247705e-01
4.132323151036344733e+00 2.761142853041341216e-01 3.504335333416903620e-01
3.683784311009761669e+00 2.299179315782597377e-01 1.343237230124602610e-01
3.897571632975401545e+00 2.955921972670703668e-01 3.421646699705884753e-01
3.764317837237794340e+00 3.026023180274383662e-01 4.374556261378487187e-01
3.735057784923638824e+00 2.443610741886088344e-01 3.455652940187441957e-01
4.123206132365002219e+00 2.675090179563109349e-01 3.778443449867414650e-01
3.952235005655991174e+00 2.313427429760051557e-01 2.458108241832353269e-01
3.972142870811750104e+00 3.000189750404974043e-01 1.534999336132007730e-01
4.219901265339206731e+00 2.678476103154631138e-01 3.586011874090976881e-01
3.920975575343121022e+00 2.230316288560482973e-01 2.501843492796861912e-01
4.106254237868309787e+00 2.340450211338060971e-01 3.462423240547819470e-01
3.468386593411479257e+00 2.575361144855088380e-01 2.546363365995800709e-01
3.533657089329671042e+00 2.727337385778906831e-01 2.044501205471663252e-01
3.986630850516835967e+00 2.835279604812067644e-01 4.151221154138372560e-01
3.900888358603215700e+00 2.156673225229199242e-01 3.114512350345599589e-01
3.991823939030455737e+00 3.328464638724013547e-01 3.069668385077838901e-01
3.832355304411703134e+00 2.086209634872566721e-01 3.517712445112445852e-01
3.747195678647965433e+00 2.500084942926544262e-01 3.295033793859859506e-01
4.078693516437725819e+00 3.024624910001528777e-01 2.797420920072716810e-01
3.793977968397067357e+00 2.786491414521545806e-01 4.269753988953235435e-01
3.800152344534748483e+00 2.460022578889285716e-01 1.218457330854627874e-01
3.786568987936507202e+00 2.974652404435592645e-01 3.954202309240553159e-01
3.306267228634332422e+00 2.170855944456786257e-01 4.172811764946612878e-01
4.105245629490081427e+00 2.298748512870878169e-01 2.248307067814343252e-01
3.775594122072455150e+00 2.391546914540104429e-01 3.839721588741745184e-01
4.016966963773215937e+00 2.635783117569163170e-01 3.701579630361663265e-01
4.176893795446869007e+00 2.512438976221628706e-01 4.127764946590020689e-01
3.769916434443306930e+00 3.342825135016873617e-01 2.793640782033790515e-01
3.563790993902893334e+00 2.613085823543346287e-01 2.831475449673755973e-01
3.696722456835126902e+00 2.734543656090265284e-01 1.945193428178334516e-01
4.087055566395563666e+00 2.446738242640015271e-01 3.643173858196393500e-01
3.627612212722291840e+00 2.811266741516533774e-01 3.813899814445605441e-01
3.882233691424167521e+00 3.000981312768127296e-01 2.275334426049212266e-01
3.949573268117088531e+00 3.270429295156608851e-01 3.606871222503214569e-01
3.857884008646660146e+00 2.004333113557834056e-01 3.395021617233853206e-01
3.417529085190829541e+00 3.203917021018695133e-01 2.740706231297525552e-01
4.163162547850108197e+00 2.478224294655877735e-01 2.902242515574082748e-01
3.880263792441862591e+00 3.032867475423915993e-01 2.515429696330831466e-01
3.586763172668791633e+00 2.633922726030480388e-01 2.805721519251178631e-01
3.848960930229539557e+00 2.580255943950459097e-01 1.606781164447740884e-01
3.903498265550576107e+00 2.558255480103975299e-01 4.431982506436483171e-01
3.794725541188317397e+00 2.673481309449406984e-01 3.757136601004383847e-01
3.546642485657689914e+00 2.811914377784264230e-01 4.126375337514002206e-01
3.991873638258248924e+00 2.319537871027087250e-01 3.201735604341315877e-01
3.992092740842974941e+00 2.035474465146289713e-01 2.752433954870049382e-01
3.775124841634900363e+00 2.145405169318948257e-01 2.783817921606524526e-01
3.719944447635705309e+00 2.092252271791189000e-01 3.523734746939978790e-01
4.002116046116401371e+00 2.490126909265033273e-01 2.556342554223019481e-01
3.819600927591136674e+00 2.907311323719751206e-01 2.710870043926433826e-01
3.084309061358088133e+00 2.118769942443267384e-01 2.650745648095714779e-01
3.547757987445559369e+00 2.669728962572345821e-01 2.120736992906089302e-01
4.025520219266682354e+00 2.682346942023205449e-01 3.698509137026833038e-01
3.635097297841126451e+00 2.599668737834305854e-01 2.949682634720611207e-01
3.401797734460450862e+00 2.343726897446456736e-01 2.164968163755161268e-01
3.521881798208118308e+00 2.585832816714002669e-01 2.693264574747854523e-01
3.438989662578702866e+00 2.248028921405453573e-01 3.221512094324670006e-01
3.605510225755435894e+00 2.353931160724755667e-01 3.321318723890344105e-01
3.943987140745422337e+00 2.420100340988467214e-01 2.995362276030981152e-01
3.666702447615985516e+00 2.449004325249350966e-01 2.055610281561565111e-01
3.740813504890727614e+00 2.784641391474133587e-01 3.388169082996219106e-01
3.781007352307066860e+00 2.985966711745942637e-01 4.107268306880543229e-01
3.365985087556476074e+00 3.055478929475209937e-01 3.081414596623596180e-01
3.732459224986017343e+00 3.122636165514650619e-01 2.043181241041769347e-01
3.776995459032244984e+00 2.713547415847608613e-01 4.052656758120584124e-01
3.818371973549400167e+00 3.129962136791840099e-01 2.938602352941209750e-01
3.877919949716924997e+00 3.259579257583707368e-01 3.858339545134406023e-01
4.112117621302248338e+00 3.096549299883705197e-01 4.112338442528858939e-01
3.705114230568452349e+00 2.671958292022448278e-01 2.600361643681378121e-01
3.534787725854036999e+00 2.252328683169378121e-01 3.948025289567422824e-01
3.789901781009890502e+00 1.832065954488543147e-01 2.135849247109540827e-01
4.107017524562506239e+00 2.371475938814484041e-01 3.383793146660503126e-01
3.919357886244457134e+00 2.157331931575796335e-01 3.262142278437728526e-01
3.761163698559911506e+00 2.306042325173793539e-01 3.366742809778615619e-01
3.884742117939092854e+00 2.698143237716042475e-01 2.758016583273991129e-01
3.836325699541525136e+00 2.737938801218560703e-01 3.034443930308245996e-01
3.816542756825241245e+00 3.017701723171687389e-01 2.888589273455605122e-01
3.652889576438986374e+00 2.478815030164006894e-01 2.471200110633818281e-01
4.029435186967539551e+00 2.646166806507664337e-01 3.798048028802210041e-01
3.663624884315624719e+00 2.571210825096987285e-01 2.260111799621813411e-01
3.672444270129949562e+00 2.298002858872852938e-01 2.281255360649506458e-01
4.036126431624112776e+00 2.423896289384167568e-01 1.486207808557888366e-01
3.557101698129227607e+00 2.287357351955683904e-01 2.161152851816205978e-01
3.406686888750723341e+00 2.880794828218296022e-01 3.736066066282691112e-01
3.625472791132215100e+00 1.831100728880931672e-01 3.242786542790246918e-01
3.490818226122708090e+00 2.382101891099146218e-01 3.014088162769787971e-01
4.016322122167696129e+00 2.977167817094846791e-01 3.601790572372927102e-01
3.361937159045628842e+00 2.492426846892289438e-01 2.760209306055486089e-01
4.350192373063329399e+00 2.804195319454681479e-01 4.098011308149301923e-01
4.192413607559561051e+00 2.030216564996496498e-01 2.469336917579008639e-01
3.862116173167838618e+00 3.053789870320752775e-01 2.364500693788833818e-01
3.607130648526174710e+00 2.519915308043029767e-01 2.687610089944524328e-01
3.939505257151836748e+00 2.286949468025848975e-01 3.148608298627731950e-01
3.389665848397736880e+00 3.058646823121422553e-01 3.579919092092904709e-01
3.602639873081757482e+00 2.350518768626008725e-01 1.853383571103134064e-01
3.944186240506573071e+00 2.864456312440100683e-01 2.533733549843735222e-01
3.217520531705778897e+00 2.781563100144554546e-01 2.597628255534170094e-01
3.337358912003899558e+00 2.331690813203298462e-01 3.907019966613550777e-01
3.841600218948183265e+00 2.537346386825342637e-01 2.936070497847515504e-01
3.754812038775359628e+00 2.313785290594500277e-01 3.157760034199739718e-01
3.858810656684120044e+00 2.109887598536305253e-01 2.030614624891149411e-01
4.210950655848875179e+00 2.868309884690725120e-01 3.813041031878148801e-01
3.500788316767583286e+00 2.171958885526437122e-01 4.859912737514237580e-01
3.330665748896879386e+00 2.697164993078844386e-01 3.983576902521752672e-01
3.549494436105833817e+00 3.084503215117455066e-01 3.106304370954109384e-01
3.702786059293631027e+00 2.449934555215051712e-01 3.430454776089199020e-01
4.023799183897168952e+00 2.153568752420683963e-01 2.446039171027816761e-01
3.437771204159761673e+00 2.438376063332445554e-01 2.679043521419323115e-01
3.872012637920193789e+00 3.067926544621624729e-01 3.348983778898991237e-01
4.191652207908923344e+00 2.059667266599690127e-01 4.263461457814321509e-01
3.340602292596337453e+00 2.476903361847564433e-01 4.490804847967747593e-01
3.877826317829565994e+00 2.687907335123121411e-01 3.369208394064636680e-01
3.700482693343395635e+00 2.266658029974974453e-01 3.167275089315449987e-01
3.847821793802160606e+00 3.057199838041634310e-01 3.769673342951695982e-01
3.976489141637423508e+00 2.832030957765218626e-01 2.787525498455784012e-01
3.277857602918038182e+00 2.531178555049046763e-01 2.589319945190172723e-01
3.649912490882936567e+00 2.608690754099113884e-01 4.273056477466088965e-01
3.797856405011802217e+00 2.128699856750923824e-01 1.968881826294981152e-01
4.142197532867395893e+00 2.306906722023810974e-01 2.898112898905906287e-01
3.922873610063650762e+00 2.915048297578587411e-01 2.562662602249071719e-01
4.365212261626720824e+00 2.353671156102818962e-01 2.172241253186084631e-01
3.735384191129296205e+00 2.364390851323762144e-01 3.838281474133271587e-01
3.782947427984414190e+00 2.679134505548124712e-01 3.120559524611812852e-01
3.936024172978702662e+00 2.301920922098736333e-01 2.360299448408437195e-01
3.772625533427334421e+00 2.927167752211431995e-01 2.138748099701722194e-01
3.662339747461480943e+00 2.257273458148685297e-01 2.326708380912904106e-01
3.702552101465667711e+00 2.824913263206408898e-01 3.618887660014382668e-01
3.662522330643870117e+00 2.441279856969071904e-01 4.095475324808960371e-01
3.543846837646707382e+00 2.320378806497711832e-01 3.088554885692647023e-01
3.995285200160263006e+00 2.173258109142350014e-01 2.690692471664553054e-01
3.790047197624767161e+00 2.723163655111606740e-01 4.500964163031553333e-01
3.742218717215375801e+00 1.825718814237795029e-01 3.016578315212466443e-01
4.059660759923512607e+00 2.809284953540549523e-01 3.595056815433794739e-01
3.531604089437616611e+00 2.058171540044813341e-01 3.036770044205228114e-01
3.666163211312812642e+00 2.368556386175726947e-01 2.634747010246045185e-01
3.754977241503123064e+00 2.625481235077060660e-01 3.476169631111800107e-01
3.928898745847718033e+00 2.769425952704694383e-01 1.778440355335358380e-01
4.099387268070763035e+00 2.553967708195878372e-01 4.237649865673980831e-01
3.279918958784736382e+00 2.676259672833085634e-01 3.909719965416619258e-01
3.866862013558335587e+00 2.597684335471864836e-01 3.843883002579280839e-01
3.356420294644420821e+00 2.421508218414128999e-01 3.829741078868521553e-01
3.848349837590045119e+00 2.579823250189555717e-01 2.336037496541676362e-01
4.261652808284711824e+00 2.122818487487145300e-01 2.045895058169898695e-01
4.256787119985450119e+00 2.634121642669168262e-01 3.490755225169170362e-01
3.493388253560235412e+00 2.934243127670115303e-01 3.144138158180911913e-01
3.356221234642779105e+00 2.659998463827126791e-01 1.645539289816565498e-01
3.721470994476567817e+00 2.593027451084406465e-01 2.489458909201043568e-01
4.186642055264821138e+00 1.848916618792329769e-01 3.392491442145254554e-01
4.095071120978946766e+00 2.323180561845379355e-01 3.780600854614951656e-01
3.398954022140078024e+00 2.588044817476121695e-01 4.117660442500690188e-01
3.761337857074974256e+00 2.628018053141637500e-01 4.193047194969388713e-01
3.769453174556471886e+00 3.380828470337923775e-01 2.875814933148257424e-01
3.484009307252408316e+00 2.053116013705049980e-01 3.857657385599504440e-01
3.456226835570021194e+00 1.613614806536829427e-01 2.648986209430566063e-01
3.903668347296089802e+00 2.233109428971084276e-01 2.982627483281076186e-01
3.627170703599766899e+00 2.713182023176324287e-01 3.514957590642627250e-01
3.871492504734263651e+00 2.248246888619339079e-01 1.385194530372064192e-01
3.996490818570824111e+00 2.609737953510045116e-01 2.436218065121298626e-01
3.834634125972353313e+00 2.533179534169776592e-01 3.366880264666000655e-01
3.365265977076133286e+00 2.006307058671619181e-01 2.191581117096459419e-01
3.934027903014627903e+00 2.542554872193321658e-01 3.588986802440156110e-01
3.537049195349404762e+00 2.559844971380971779e-01 3.096731443696941199e-01
3.827033597075165439e+00 2.987582372075606174e-01 3.959748805348269896e-01
3.772016569533702235e+00 2.575752662040839414e-01 4.129475980931386347e-01
3.645866555588096247e+00 3.060018524767113557e-01 2.933456221986006640e-01
3.350396516187156060e+00 1.967940234525546728e-01 2.791861527490349659e-01
3.516737228769649004e+00 2.290868089673335495e-01 3.899735627485070855e-01
3.980877970585138925e+00 2.103032487167954268e-01 4.126232574450845458e-01
3.763059884543161537e+00 2.135012756400150868e-01 1.877862519745343572e-01
4.238771267711944901e+00 2.778060475221750258e-01 3.299819134143477939e-01
3.089880172052465124e+00 2.711715779831846973e-01 2.777772430728773223e-01
3.524538212990725228e+00 2.495234887983596717e-01 3.028776399394224050e-01
4.078557815308348822e+00 2.838635806080547219e-01 3.147813714155627274e-01
3.860136346630197224e+00 2.122037500296252710e-01 4.604745893385053801e-01
4.186323201804254879e+00 2.185438220117593977e-01 3.023222173760604647e-01
3.952431257283221200e+00 3.240499251131216951e-01 3.200737249409058571e-01
3.940541648322315904e+00 2.863698100406212310e-01 1.816222426679884316e-01
3.416696626677858450e+00 2.855957105576131805e-01 3.506400364748180065e-01
3.764771006129924213e+00 2.628219672236959958e-01 2.976025828792411843e-01
4.223563844274154100e+00 1.784132411005427687e-01 2.772654679990218529e-01
3.657690871250977249e+00 2.743806675948473051e-01 2.714695557200982878e-01
3.717129003836593615e+00 1.797212366912827597e-01 4.213201115194636359e-01
3.913076246617499088e+00 3.176070089282615472e-01 4.500000337851465249e-01
3.784899196404997834e+00 2.843579623725960293e-01 3.379600554950016322e-01
4.077802870768240773e+00 1.863887212007237504e-01 3.854445581000519039e-01
3.684460563323966653e+00 1.795806154723556536e-01 2.998590956753474090e-01
3.917667678669662035e+00 2.336266860319256289e-01 4.279363954818482529e-01
3.956217565797044866e+00 2.651248986819377262e-01 3.188901450207565769e-01
3.666266919822507742e+00 2.698515209598769116e-01 2.811730106687058695e-01
3.566863081683134595e+00 2.435209410667420471e-01 2.989938587004594694e-01
4.030405343179905842e+00 2.779360913543610367e-01 2.199616070768849463e-01
3.793977871680550784e+00 2.645644778605845127e-01 3.103294719472301511e-01
3.513885706057936265e+00 2.769576796730087720e-01 3.742055112763182922e-01
4.166452172314880187e+00 3.140946570652670689e-01 2.785721611463106151e-01
3.823029293773144932e+00 2.529717504178543019e-01 3.577830573657691526e-01
3.877788989650988505e+00 2.855967857254733122e-01 2.745122794224231777e-01
3.959509356882618292e+00 1.995002689285501618e-01 3.049754448408081298e-01
3.790593218739783943e+00 2.803166268307851761e-01 3.023404016254174764e-01
3.447024544413282321e+00 2.860174948934686157e-01 3.985513732819664923e-01
3.317054316546987902e+00 2.590349453725079298e-01 3.327081705161561431e-01
3.895870185770246241e+00 2.295675594388984220e-01 1.649729388652631246e-01
3.835013181994156195e+00 2.330240012408403283e-01 2.684358488850978608e-01
3.714669370460946141e+00 2.377130556048794030e-01 3.120526045600186538e-01
4.324138949800775400e+00 2.478402174911417954e-01 3.375652060159188284e-01
3.761324210737888585e+00 2.607803113908253034e-01 2.728762430259800142e-01
3.956447637743219836e+00 2.299709396799850258e-01 3.093709322647249516e-01
3.872123431869400445e+00 2.450671771786544217e-01 4.366899059879297829e-01
3.472204776998113029e+00 2.452540936973664765e-01 2.596634239296318203e-01
4.154305374690236086e+00 2.843066685792067783e-01 4.242553828350730249e-01
3.585802052496063652e+00 2.297830437878087828e-01 4.233455968107343592e-01
3.872305865550977000e+00 2.879043898168200943e-01 2.352020213202699606e-01
3.213484580485735265e+00 2.212278554491453053e-01 2.859918619748062496e-01
4.029797170209285184e+00 2.296492844794634225e-01 2.474716543769950039e-01
3.571356506426649258e+00 2.318180768142752979e-01 2.236200255897846656e-01
4.330682654625154449e+00 2.195417231714194006e-01 3.812293751887402271e-01
4.247239561042456479e+00 2.356388973380861007e-01 4.048301300950055692e-01
3.693156765980619483e+00 2.048944206110495936e-01 2.764153131377374839e-01
4.059410955912957419e+00 2.464512031310996387e-01 4.555888804184258789e-01
3.485381950385333383e+00 1.936261926838911407e-01 4.570902140825123805e-01
3.570963698241344630e+00 2.370744580152385483e-01 2.847626148237319410e-01
3.629441779391824774e+00 2.716410385877569000e-01 3.553287932174727937e-01
3.926912650634740931e+00 1.927277358550616160e-01 1.567371028768623498e-01
3.935515312509659136e+00 1.916718996851598522e-01 4.406376808205544338e-01
4.082648287830074274e+00 2.504664172470322248e-01 3.924752784903182690e-01
3.899561506322537063e+00 2.460291927229659448e-01 3.598860760969812556e-01
4.092374077655267506e+00 2.572731678228217245e-01 3.532211584377685787e-01
3.761802144630406630e+00 2.440278203612091801e-01 3.824988811962619084e-01
3.750136131601646383e+00 2.255485480555050881e-01 2.960845353774992361e-01
3.777618926580003311e+00 2.283255697446103516e-01 3.422548181776227105e-01
3.470564803032511136e+00 1.782303693208800444e-01 2.626211931184005421e-01
3.683690633772968237e+00 2.397277414806041340e-01 2.521356235944538504e-01
4.210368871005694125e+00 2.682019422052407398e-01 2.801851774155874608e-01
4.029752276764964058e+00 2.694148951875253162e-01 2.227658117791533332e-01
3.660982191076019632e+00 2.663682398922720407e-01 1.491398110606369232e-01
3.497999462793903280e+00 2.468526945717814114e-01 3.048458631309129974e-01
3.641693893238635571e+00 2.885584910941519365e-01 3.362042849725110916e-01
3.534659104823513864e+00 2.488248150830813521e-01 1.907654754943980402e-01
4.215707764506418265e+00 2.823400349103225571e-01 4.231774909975718479e-01
3.585194759101399953e+00 2.717907344262855962e-01 4.538011635284962542e-01
3.837855574455957264e+00 2.183280328948082050e-01 3.437031971178557965e-01
3.269476246375297990e+00 1.862240094784982092e-01 2.533241661178621817e-01
3.130117366664726397e+00 2.175898163114908246e-01 3.153643549272034385e-01
3.877844644290360243e+00 2.611276535346501726e-01 2.279265898050119588e-01
4.278593675424101406e+00 2.474428063536510403e-01 2.069008036874243062e-01
3.867114256547804274e+00 2.559905626853605787e-01 3.996754262602724705e-01
3.931141003046570326e+00 2.959580089030625638e-01 2.210049346629394396e-01
3.658960053262313661e+00 2.358163904231666275e-01 2.770019715260960691e-01
3.858688431890657800e+00 2.150522802683560719e-01 2.711929444931423516e-01
4.012803267417909936e+00 1.918385339962819791e-01 2.354068456428393963e-01
3.683135658864043815e+00 2.148117335732715738e-01 3.338340436208885320e-01
3.848715239603973881e+00 2.341469553104189305e-01 1.986098476968258253e-01
4.300356326808665308e+00 2.277095880250617488e-01 3.075975080072976264e-01
3.419251219470109682e+00 3.119344642964129166e-01 4.236874268888396466e-01
3.867281315029443611e+00 1.942780565040906349e-01 4.223520513345422334e-01
3.604731835632021486e+00 2.414738913402134646e-01 2.238597376358788804e-01
3.600159753670017615e+00 2.313538615356044437e-01 3.051165413696417805e-01
4.184553137858890715e+00 2.585926599770886902e-01 4.528980481045227213e-01
3.996365487315395981e+00 2.290266214590326310e-01 2.392446949456547567e-01
3.829517805097963912e+00 2.345370754138086655e-01 3.010226330588264276e-01
3.958048761479889155e+00 2.483965419945390884e-01 2.259301539510888968e-01
3.743536398414904820e+00 2.567311740882142201e-01 2.543464336469116738e-01
4.008432289681180372e+00 2.398598743001075229e-01 3.589954134281065912e-01
4.193660840088011987e+00 2.924697243764137755e-01 3.162602953163280439e-01
4.053486357841440402e+00 2.907457784826820157e-01 3.902664677110226354e-01
4.014417923560675838e+00 2.829968518778692710e-01 3.111507941097541030e-01
3.779393383245212679e+00 2.428451048187794392e-01 4.519412460975812951e-01
3.298922343433473792e+00 2.443615169315059288e-01 3.595582138722444587e-01
4.012026063404918297e+00 2.024632123655571991e-01 2.992917216789677815e-01
3.351855456456012128e+00 2.753872580615534527e-01 3.263745094647970135e-01
4.184911575708611942e+00 2.410473017126426309e-01 3.411747768395784752e-01
4.457448786942196151e+00 2.494493768742776230e-01 3.027015933707038475e-01
3.943589098993976361e+00 2.861687347019765126e-01 3.512647110074024193e-01
3.898702946157391658e+00 2.557154352428985256e-01 3.877226656872466148e-01
4.020231306056643028e+00 3.291527360252413104e-01 2.887896879213977530e-01
3.638888615716619590e+00 2.864406885534493963e-01 2.779589768710704623e-01
3.379114691748105415e+00 2.200924015936825129e-01 2.570909459895843185e-01
3.977181770916651260e+00 3.238307576097340656e-01 4.019186213193575163e-01
4.446358764683451703e+00 2.187498128247848672e-01 3.416617815491261867e-01
3.567886817430963031e+00 2.393081358996907992e-01 3.774172611759837870e-01
3.332730504608188760e+00 2.697732959020891497e-01 1.919980803948833081e-01
4.047160413751437424e+00 2.028296149432234352e-01 2.923479128615820710e-01
3.856948579000246902e+00 2.885223251105168418e-01 3.154462169578062247e-01
3.733633605853435622e+00 2.316925336164427085e-01 3.640411593509875199e-01
3.982929568549157473e+00 2.207196554002977262e-01 4.213011881010276238e-01
3.188584126308969147e+00 2.536769951369337028e-01 3.810498905703327277e-01
3.656798424784755586e+00 2.015695973813750874e-01 4.028752304609828361e-01
3.624047365684559985e+00 2.621088471975122625e-01 4.630521349341589765e-01
3.573662082475343116e+00 2.420731422608917716e-01 2.980180722092956036e-01
3.440891623553421041e+00 1.986924852571657352e-01 2.851831705724449662e-01
3.457280833410738996e+00 2.523159252931331809e-01 3.445921970859842087e-01
3.294206190322441330e+00 2.323785757779794070e-01 4.244157010943083730e-01
3.340193549361186065e+00 2.541373911807544017e-01 3.820190845008252234e-01
4.043199970320466186e+00 2.053265910271953598e-01 2.123829438202706754e-01
4.126618628360089858e+00 3.027071469259421388e-01 3.716475531383170994e-01
3.582515972472243071e+00 2.638297862371238311e-01 2.601139795153660228e-01
4.048517626099389588e+00 1.860163573993134645e-01 2.459866029863514714e-01
4.073969390002599056e+00 2.910124842449381410e-01 3.303444764280333845e-01
3.898726135926166236e+00 3.257224658740286993e-01 4.004708986460608910e-01
3.650971171736189902e+00 2.570005293162515581e-01 3.033249386217194421e-01
3.569373703828714994e+00 2.771486987876253805e-01 2.279969980733923540e-01
3.980755188731211813e+00 2.040821651520782487e-01 2.668699221588478609e-01
4.122898007797546782e+00 1.849809296630981204e-01 2.631033522819420933e-01
4.188273360465930573e+00 1.904105273150758504e-01 2.323209052660837881e-01
3.364459698841869795e+00 2.396373719850640738e-01 3.346882944014356598e-01
4.006683000948873641e+00 2.675398964205011887e-01 2.667181954228688423e-01
4.198404678821352931e+00 2.721896990209198841e-01 3.133895880447978843e-01
4.217170643702184307e+00 2.490379275488670274e-01 2.415824946726169153e-01
3.493050249507092531e+00 2.932550071763379562e-01 4.160281241628530080e-01
4.039205075855820226e+00 2.347240599047008824e-01 2.818078180245626729e-01
3.810432608801460397e+00 2.863153962986054735e-01 3.127378761423463827e-01
4.039126644775955732e+00 2.741450457790195472e-01 2.296508148011528472e-01
3.583799252327420248e+00 2.883583221543384312e-01 3.754031291761483757e-01
3.828412378070511046e+00 2.454660601888878357e-01 2.406985641940281306e-01
3.474248107238252281e+00 2.218994419389962447e-01 2.802267415303045239e-01
3.665436636001852211e+00 2.594833422453770022e-01 2.552103854942070482e-01
3.815433719133105139e+00 2.328400169477236326e-01 2.706628883448788936e-01
4.248688898404705760e+00 2.910880428411145582e-01 2.235776751586250888e-01
3.604531208140854481e+00 1.742696122101871636e-01 3.351789814026227554e-01
3.671458424217488581e+00 2.736707725978997363e-01 1.909562933744629598e-01
3.486293193031926752e+00 2.103073866459379548e-01 2.653284278215817249e-01
3.889371267546935407e+00 2.793069509260276972e-01 3.261022234944291331e-01
3.690696227649190142e+00 1.743301926802810486e-01 3.487752995230895547e-01
3.702215844981384674e+00 2.483729993265342828e-01 3.283349010505035026e-01
3.591242509615066858e+00 2.528042128667452038e-01 3.117022400061341680e-01
3.560401914016661618e+00 2.145540803016023901e-01 2.044144929971796476e-01
3.886801393789928838e+00 2.833762870091191544e-01 3.645384251638007500e-01
3.336448193304297316e+00 2.253244255314691968e-01 3.387575879807693258e-01
3.930538100222332076e+00 2.792871082896409285e-01 3.256408962518738681e-01
3.461040076450150771e+00 2.302403233126817661e-01 3.231738007363623155e-01
3.420707150190883006e+00 2.439809459019049998e-01 2.931413718033267224e-01
3.284764326456679040e+00 2.888301228745678850e-01 3.850887485335152127e-01
3.591832125823384736e+00 3.078284105816316285e-01 2.513422662112697603e-01
3.498843981915474632e+00 2.153233044069724489e-01 2.097702204097342260e-01
3.522712618528173412e+00 3.183071093318767808e-01 3.847092645101605757e-01
3.756075262506282098e+00 2.510625382413956275e-01 2.840583088505839182e-01
3.617475671872806942e+00 2.364518065245240219e-01 3.823310310629829400e-01
3.561998700171224552e+00 2.387798340631777094e-01 3.050950096999703876e-01
3.439015592202065097e+00 2.608621412925845595e-01 2.944552879626237685e-01
3.816149912352397422e+00 2.202965958317766870e-01 2.597347154289170179e-01
3.825273233671292239e+00 2.466408056395127668e-01 3.309559530950896833e-01
3.871367044204032215e+00 2.854138063667470138e-01 1.790797531024174716e-01
3.868333098774530576e+00 2.805203696291379556e-01 4.427301635907172628e-01
4.103148012625220886e+00 2.488784655928561462e-01 3.223453478329088018e-01
4.042078054581035751e+00 2.248312816928810243e-01 2.802374843911055735e-01
3.701691153842117554e+00 2.414866639336576137e-01 3.810238340400493584e-01
3.609128893430657570e+00 2.260856354789539946e-01 3.426025863645404401e-01
3.970856455103154659e+00 2.548023538178941783e-01 3.522124475279997391e-01
3.542368820916277361e+00 2.922098734666151443e-01 3.535250285361634104e-01
3.511229965056794189e+00 3.039242860224353748e-01 2.377238464739349633e-01
3.932309708383061153e+00 2.473022817911083304e-01 4.790777132484129730e-01
3.743952601624271015e+00 1.917147445288126251e-01 3.084908557318599698e-01
3.841980461939280556e+00 2.352669672301626602e-01 2.798615578732886466e-01
3.269159046441386884e+00 3.209216362538975242e-01 3.489473329360200382e-01
3.654512531304449308e+00 2.493875670143491374e-01 2.694723106682487268e-01
3.803688780057291829e+00 2.302655802415252695e-01 3.148611576243708354e-01
3.917871701906585624e+00 2.062567740096189484e-01 3.401733679809801902e-01
4.024996307658257777e+00 2.059116971511156524e-01 3.045825464392817317e-01
3.519175427347545959e+00 1.940275854150906865e-01 2.445479966549686801e-01
3.993434666249193299e+00 3.323364782219677127e-01 3.018018312908335443e-01
4.075805092737446955e+00 2.612632022852978131e-01 1.553978449523085725e-01
3.892867303572783655e+00 2.017552085699679809e-01 2.348531535130674031e-01
3.482641633898331701e+00 2.675104081635184539e-01 2.527087857185506548e-01
3.794350565719609047e+00 2.161952669623332102e-01 3.948633956505505638e-01
3.245354304544704860e+00 2.185692874579787670e-01 3.131474544762176127e-01
3.740903347510959431e+00 2.866650939686852806e-01 3.673602549958600028e-01
3.363942199752735895e+00 2.201901136559762662e-01 1.962180561973976278e-01
3.703778223389630586e+00 2.736234652487299912e-01 3.494496822250369172e-01
3.269859386662609779e+00 2.489488178485324554e-01 3.524596031804519414e-01
3.901569210582127578e+00 1.903145930216680048e-01 3.980764048805798261e-01
3.290226614496229995e+00 2.684717999990018367e-01 2.263315534929445372e-01
3.878782412789453904e+00 2.473627130042366784e-01 2.417995409846780963e-01
4.323988978990841225e+00 2.495094548991007299e-01 2.832230147224341632e-01
3.443568955349462613e+00 2.192326799276954064e-01 2.246917342315083443e-01
3.879492703282771959e+00 1.900568044372707710e-01 3.052629194331325513e-01
4.008331670228610477e+00 2.059475811925042255e-01 3.424177424087552213e-01
3.370001279781292158e+00 2.017200340738922737e-01 3.052958421715488702e-01
3.346348967728943080e+00 2.302727593547833629e-01 3.343936518565279736e-01
4.039452507949967242e+00 1.964553530413226667e-01 2.927671219277899195e-01
4.083586503746569285e+00 2.504181870863114723e-01 3.971926255281049145e-01
3.651189823007086055e+00 2.134106685712934270e-01 4.313130425524919209e-01
3.537520667702841681e+00 2.512496848907705416e-01 3.363581003374266909e-01
3.668128835630154239e+00 2.179601977637609656e-01 3.297912788845571153e-01
3.794709350794788438e+00 2.101980434716169133e-01 3.584171995453644954e-01
3.871648229675162867e+00 2.779146013085418421e-01 3.235813335188542639e-01
3.773085763730291031e+00 2.139442194505301875e-01 3.393305812331585680e-01
3.789597960191471770e+00 2.401199438979073619e-01 2.813381086533539577e-01
3.823514780016293191e+00 2.131449536550955315e-01 2.172271077596765188e-01
3.693851314969407440e+00 2.327523892286230689e-01 2.784579859604564001e-01
3.457754575039647005e+00 2.905117439823444725e-01 3.827250052555898896e-01
3.799388072327978261e+00 2.622559350196131955e-01 3.540402829865804124e-01
4.244921590041245807e+00 2.889161805549991802e-01 1.851149936852991007e-01
3.940484667434190680e+00 2.295008243925208136e-01 3.375555172778285096e-01
3.408894927060728719e+00 2.927479835718911905e-01 2.092036384075504074e-01
3.482512942321861260e+00 2.668066476980194279e-01 3.119995231622629817e-01
4.137030834420817982e+00 2.542022134897342078e-01 2.057715530850938446e-01
3.769354163203328056e+00 2.717473096201130645e-01 3.292123265579028346e-01
4.140616820109560337e+00 2.526428546543244003e-01 3.677803662873349588e-01
3.970889795589988225e+00 2.783611817120615894e-01 2.382259586450594380e-01
3.236678983937090415e+00 2.541487767785689522e-01 2.877964885182836552e-01
3.430938885545506967e+00 2.330437602811736841e-01 4.668770257723020567e-01
3.517896734867020037e+00 2.560537678056362676e-01 4.051823149653601130e-01
3.741419495430922559e+00 1.726409327227993173e-01 3.081867274433945925e-01
3.160092879206410466e+00 3.029817618723189554e-01 2.919833463219817515e-01
4.030813525338293957e+00 1.892504483454471309e-01 3.323122832356524281e-01
3.465958554360704991e+00 2.574514407455775200e-01 4.305234323069395130e-01
3.598598541377252324e+00 2.660738423824735577e-01 3.352409900429360046e-01
3.507936637040955929e+00 2.674601635774535580e-01 2.641239667122028401e-01
4.278288980005592101e+00 2.472212855284939004e-01 3.090323799514241299e-01
3.629432937945435977e+00 2.300515280179158961e-01 4.548103546701280919e-01
3.717502233601303718e+00 3.319908420241666214e-01 2.925994604822713119e-01
3.217770519542983987e+00 2.584555303891795663e-01 3.091739452914847308e-01
3.733640750199403335e+00 2.648072850753043217e-01 4.205434185405300673e-01
4.347347655388836607e+00 2.690799655130020618e-01 3.318578546316094946e-01
3.420306785724574361e+00 2.107728502779305790e-01 2.970125107015266219e-01
3.190746472978557513e+00 2.329257323848310524e-01 2.875403819507376113e-01
3.261909859071054907e+00 2.426874877214578730e-01 2.159708751611392197e-01
4.152621966512806573e+00 2.007936881698052511e-01 2.323178938569520346e-01
3.198820542936071210e+00 2.557426395415007270e-01 3.813276683076344264e-01
3.841437681743039789e+00 2.867336750139089507e-01 3.448590825765556755e-01
3.701089724923072311e+00 2.394496539317198525e-01 4.093219189473440434e-01
3.475556133715292706e+00 2.179168858939024567e-01 3.733666052693269122e-01
3.471515814086088003e+00 3.074027250755617113e-01 2.513886588042934522e-01
3.612910251042793064e+00 2.393808850638785013e-01 3.555851041674201185e-01
3.754848955780112352e+00 2.835290015500066541e-01 4.702413858896642984e-01
3.744023783583362075e+00 3.287035428110843815e-01 3.614675687990703268e-01
3.397705791219265858e+00 2.562641281001217797e-01 2.906320489786110017e-01
3.739989189042327133e+00 2.273429515522411293e-01 3.127401730863257345e-01
3.508034768619493260e+00 2.596457860953094721e-01 4.308816014234841951e-01
3.479208084617464003e+00 2.475520616439575439e-01 2.590577957284285193e-01
3.334838458951911999e+00 2.705297953316508353e-01 3.767686192541854773e-01
3.973011949469617665e+00 2.049118941263224358e-01 1.580386645723555195e-01
3.769658226249678279e+00 2.734133699014829055e-01 3.336785404493919915e-01
3.687707384716852221e+00 2.408759714627210780e-01 3.306797557790155384e-01
3.894938019631433157e+00 2.642755539724779279e-01 3.377331853116795068e-01
3.352604379336837415e+00 2.083418805796964646e-01 2.961058643181498917e-01
3.815691849712377071e+00 2.835680110473334792e-01 2.749411949144291434e-01
3.562054339470683395e+00 2.107359346285588020e-01 1.683211447935731853e-01
3.841895559733019105e+00 2.299799382761316124e-01 4.283297701652051259e-01
3.659030617223713477e+00 2.998051489161371874e-01 3.271885673230875424e-01
4.199012202981754704e+00 3.085753113385790725e-01 2.918999568608088291e-01
3.779673524979986432e+00 2.811332559979132784e-01 3.863499827967700195e-01
3.534120738375597703e+00 2.647854338200129609e-01 2.809021666160937958e-01
3.563543005647874740e+00 2.766459933140655858e-01 2.918246218518010249e-01
3.780417210690364627e+00 2.185798123849927443e-01 2.977392323287904041e-01
4.107356626489358398e+00 2.995132794334783299e-01 2.781030737662620322e-01
3.324586356107742002e+00 2.429526417816239570e-01 3.843026473542903720e-01
3.859170875642056853e+00 2.654752123085578064e-01 3.139656216834659785e-01
3.112244808185588241e+00 2.125897234074870523e-01 2.723406088081425924e-01
3.500144049351797904e+00 2.385725318086883429e-01 3.186216189194404080e-01
3.596329742607141888e+00 2.540778862802663962e-01 3.340783934829522628e-01
3.908460509828891372e+00 2.278850068656402272e-01 3.027853134870230889e-01
3.815013742335252367e+00 2.469468203520908123e-01 4.001349668250719915e-01
3.555932437631147636e+00 2.243354444199049114e-01 2.717946348677530710e-01
3.802903563122472352e+00 2.413096073078008497e-01 3.274158346584070123e-01
3.468373825505389085e+00 2.326209227096974197e-01 2.232700120626034956e-01
3.455597132206474686e+00 2.946101360491305554e-01 3.166660997128431521e-01
3.853202071398833528e+00 2.270366222688441349e-01 4.736251122281064929e-01
3.687036509410802410e+00 2.493706380007627288e-01 2.662105277997494079e-01
4.091744522670953010e+00 2.276104641694228492e-01 3.660957964560543343e-01
3.442459570943112723e+00 2.346161565314893727e-01 3.472895753993621715e-01
4.264837575455379337e+00 2.001923520009546709e-01 2.472148805952680273e-01
3.767685437491146594e+00 2.903578089257753403e-01 4.033913308774647044e-01
3.922215778458949309e+00 2.099497665897466780e-01 2.700148264817369137e-01
3.769319677936882051e+00 3.260922039247300952e-01 2.682331685971274249e-01
3.514989328039318739e+00 2.045192396436296411e-01 3.058987849130209713e-01
3.842937848259062150e+00 2.583913440679486695e-01 4.488839294403854652e-01
3.630658839583805531e+00 2.333486649596102358e-01 1.717457631655288086e-01
4.077662646754419029e+00 1.920999286844847498e-01 3.288192776110959725e-01
4.018838807124111234e+00 1.925004413094216216e-01 4.187802981019592141e-01
3.253031160238114339e+00 2.522821215759615820e-01 3.175028175164359423e-01
3.240478849885398915e+00 2.451464121741989688e-01 2.665153584832940514e-01
3.324312276087291185e+00 2.378525452765269665e-01 1.856534140759950324e-01
3.982621873304352800e+00 2.463847137980749169e-01 3.917408901068432092e-01
4.036005554405999618e+00 2.137755635063064430e-01 2.370366014068559513e-01
4.034389878862763901e+00 2.222664470689248439e-01 3.716254557887531673e-01
3.842468472337723817e+00 2.999113263905690552e-01 3.569158582652481870e-01
3.916879899447656577e+00 1.976704142896324734e-01 2.741426961539879525e-01
3.718014670510721764e+00 2.502700107970048382e-01 3.710686791604263512e-01
3.536656101042073619e+00 2.636541523139073750e-01 2.938052875080561233e-01
3.961355094787616604e+00 2.921911261482800781e-01 3.090573295948277899e-01
3.687470141112800803e+00 2.122373908005509846e-01 3.488811234281427032e-01
3.509879820606064627e+00 2.825047202795242796e-01 3.485205776650993625e-01
3.899388357082178569e+00 2.050768814344909319e-01 3.534294079968207103e-01
3.173325373823835172e+00 2.937097496927912332e-01 3.920211436108482772e-01
4.060399235168950405e+00 2.595609117912685559e-01 4.192177136047793851e-01
3.795288604652379050e+00 2.716106278412061537e-01 3.778384786558767749e-01
4.063556826173673642e+00 2.678213728027599161e-01 2.538684550280840835e-01
3.714915189741798240e+00 2.203110006715877367e-01 1.840627149370216986e-01
4.167182708708815575e+00 2.534830232290369856e-01 3.587581418913651232e-01
3.622822798047891091e+00 2.897126436334918620e-01 3.158066854121583389e-01
3.683808293546345425e+00 2.880812372310467828e-01 3.950182037971190496e-01
4.279453057036855412e+00 2.244259566427936892e-01 3.280371450813109324e-01
3.437011605787288815e+00 2.947050070752902373e-01 2.171835353330697216e-01
3.880000036502450733e+00 2.608826672295865290e-01 3.971814596495467642e-01
3.791806888071477921e+00 1.939414073323252885e-01 2.858046149052681506e-01
3.461959313451751008e+00 2.950003465499529964e-01 3.229937402915843414e-01
3.764554748984584975e+00 1.851830520729874086e-01 3.710192941340135775e-01
3.722601576297573267e+00 2.554268882563111576e-01 2.758755661144983162e-01
3.329381383536493377e+00 2.542825935333509757e-01 2.687064510969173758e-01
3.599222498226468669e+00 2.484360798468813469e-01 3.642253850206900179e-01
4.305284666517861680e+00 2.503319637483893967e-01 3.043240939073081908e-01
3.492448269243659364e+00 2.083481090150392789e-01 2.128374303407461199e-01
3.046787292794095325e+00 2.457282157455997484e-01 3.441954845887635894e-01
3.861854601031112555e+00 2.899718461893470156e-01 2.998122054848608720e-01
3.980954819555567958e+00 1.920969754298548215e-01 4.279989599413197565e-01
3.766533064913197837e+00 3.329058522986454438e-01 2.653801226585259521e-01
3.772666774613809615e+00 2.233397981724896952e-01 2.978598736245021694e-01
3.737253595780921867e+00 2.804264400800119406e-01 3.866612794950197163e-01
3.899891294939791919e+00 2.601682231299393688e-01 2.197802365124394697e-01
3.844331686978082807e+00 1.955196038058775732e-01 3.755905456653501617e-01
3.533374265684726456e+00 2.880976092492177898e-01 3.574416824286966721e-01
3.896684686476802106e+00 2.465565032719437277e-01 2.815512353638000564e-01
3.775926302093807418e+00 1.945938822226385423e-01 3.280885425491812946e-01
3.479009362676978245e+00 2.416965438183356907e-01 3.340942906037793203e-01
4.032371779091630692e+00 2.999889948425245034e-01 2.494342928190519393e-01
3.958086986984445055e+00 2.491718688208950372e-01 2.423811131403109664e-01
3.890839159531684910e+00 2.372826855165009741e-01 2.233339723423957146e-01
3.960209902356267797e+00 2.444898850531931900e-01 2.959407725243882181e-01
3.920829618993977750e+00 2.297330803824917111e-01 3.201530743056337225e-01
4.221249841541228065e+00 2.222660991001800257e-01 4.321897839937822172e-01
3.743935127285071829e+00 3.212535535737242043e-01 3.822216745135804117e-01
3.414151858421124341e+00 2.572314023302680885e-01 3.104921838845097204e-01
3.817252466220389717e+00 2.935512188266198308e-01 3.522867073437673247e-01
4.274556889874631338e+00 2.354569296578986615e-01 3.148597980465910884e-01
3.720694911510956437e+00 3.178256181520322521e-01 3.264858332742731073e-01
3.754714963978021736e+00 2.636627438314961269e-01 3.330452755947227450e-01
3.763246614689194303e+00 2.386067593192495728e-01 3.124198392577835492e-01
3.998769768432800298e+00 2.231752467480351554e-01 3.407606543024264134e-01
4.228814737070694108e+00 2.705517412173240044e-01 4.146095480942858513e-01
4.360400285106084795e+00 2.904671477374587418e-01 2.494965845776452862e-01
4.026679358696902966e+00 2.181916758104376353e-01 2.430196732129226156e-01
3.644141442417703658e+00 2.581443991940556848e-01 1.819709034654090063e-01
3.350742541546789077e+00 3.122561522791768018e-01 3.330186176011122878e-01
4.011159855765623838e+00 2.422048168853969119e-01 2.717937168850520502e-01
4.041551048075105790e+00 2.598753953525131388e-01 2.979134041790117426e-01
3.331592688097598565e+00 3.094370898074544352e-01 4.122518573824057175e-01
3.763135406475738964e+00 2.345607772404582070e-01 2.211124602712238318e-01
4.038432177228650666e+00 2.197919357030800325e-01 2.110383126683263444e-01
3.545856351595810807e+00 3.242380837311040764e-01 2.673516054496485328e-01
3.084737907239661237e+00 2.450765167091072672e-01 3.126464033649666296e-01
3.424731189046712032e+00 3.052891775112291373e-01 3.948710799284670392e-01
3.548075764512551356e+00 2.049810496128187109e-01 2.330685612845952437e-01
3.457877611356838354e+00 2.102584135644262886e-01 2.978317003181134570e-01
3.771222429087643491e+00 2.894453795695419718e-01 3.017996042629287334e-01
3.441913783864020804e+00 2.577951596953586000e-01 3.800971004250726648e-01
4.036505020864819215e+00 2.594502899973605281e-01 3.107402356119045583e-01
3.730142213490578396e+00 3.237569094433427885e-01 3.639412567872093440e-01
3.749866461296512909e+00 2.373846113567447125e-01 3.893240826354434359e-01
3.439382513924173601e+00 2.359036953286448302e-01 2.268831148616604065e-01
3.294716205512307816e+00 2.847684749225202205e-01 2.078570505174421879e-01
3.488307275856588507e+00 2.551355627947209936e-01 1.370876750459131266e-01
3.533742059605067709e+00 2.151174886515656859e-01 2.173727340994579260e-01
3.487910810736590594e+00 1.731538484526312649e-01 3.319040565876889559e-01
3.434037751268056216e+00 2.194234564708522073e-01 3.537890184460913967e-01
3.230877383318658591e+00 2.456430234001183432e-01 3.658248712446975914e-01
3.405133957709264081e+00 2.335028974433320803e-01 2.068503693448037473e-01
3.548465904811478389e+00 2.383614578245921434e-01 2.690643668620608109e-01
3.923250893135021844e+00 2.839368612131945024e-01 4.590279646398457425e-01
3.691333776184047899e+00 2.720710983766061464e-01 3.879585994630954104e-01
4.123765713298359614e+00 2.648883375321411382e-01 3.595961321339548045e-01
4.279101900387698443e+00 2.846390866704465172e-01 2.488773272674476567e-01
3.886329520273463345e+00 2.541973482425303188e-01 3.887387774465717039e-01
3.348785225635599438e+00 2.094788692921766282e-01 1.809335588065701383e-01
3.586530674092576643e+00 2.454739159410758431e-01 5.053827452719522606e-01
3.733451931665125123e+00 2.557164570612988075e-01 2.835405722858178601e-01
3.631660927581800813e+00 2.328341130715873841e-01 3.302333846837525733e-01
3.681577289679599296e+00 2.524452746793257596e-01 3.208662574716574234e-01
4.081035097437005099e+00 2.672440275446543723e-01 4.736163011030245507e-01
3.930436696806506092e+00 2.653834331921129386e-01 2.674048890148991720e-01
3.568835918095209170e+00 2.501559169019250128e-01 2.972885613296912255e-01
3.943902431145394072e+00 2.289133580547668967e-01 2.947636365300357886e-01
4.030844202612339444e+00 2.160549680689304031e-01 4.031922407332175218e-01
3.757711841746354420e+00 2.245842028855161154e-01 2.460387801935538243e-01
3.301117173232858359e+00 1.847047864886817159e-01 2.515091442546742995e-01
4.354098756523418601e+00 2.618546759863361606e-01 3.654933316348663030e-01
3.456073072775456279e+00 2.637935698024481135e-01 3.053731192858665233e-01
3.947173773464216051e+00 2.181733324590285905e-01 4.098458493070620823e-01
3.795750799259545616e+00 2.440237046620043482e-01 1.330892321397315059e-01
3.677418148782133134e+00 2.845333560769117698e-01 2.905314878229942055e-01
3.798646698027181579e+00 1.893142485118595175e-01 3.639030140182171746e-01
3.887507989994154034e+00 2.233398832393585776e-01 2.615853673686666658e-01
3.679957088726785841e+00 1.945205540971447211e-01 2.032429351520713690e-01
3.922881618228522882e+00 2.541416597892111051e-01 3.939410292734485397e-01
3.690083361067448831e+00 2.241027884552992122e-01 3.378361317552175391e-01
3.897498962708068060e+00 2.613412688293453856e-01 4.110056500030141446e-01
3.641545796276453473e+00 2.431725631089317052e-01 3.879201280909937988e-01
3.972624833469490913e+00 1.922584111365655546e-01 4.113073586545020754e-01
3.518055578379948312e+00 2.091653723347675631e-01 2.732786817181315220e-01
4.085980388951630182e+00 3.091890453003265371e-01 2.558522625788735017e-01
3.322258552861089509e+00 1.986708759066911356e-01 3.251004212641974145e-01
3.111166366904012826e+00 2.123437021387325485e-01 2.446373549400255865e-01
3.775156163182118885e+00 2.464910681040546336e-01 3.346902181732094306e-01
3.682432484014257934e+00 2.540378778112536984e-01 4.053856429286434304e-01
3.632778871562123424e+00 3.210889660135411994e-01 4.268296963637296937e-01
3.933550397563653878e+00 2.532485042918560247e-01 3.661992614327095885e-01
3.990189021602667641e+00 2.565669624042867247e-01 3.289651803808642527e-01
3.951197782663188551e+00 2.432740415170412673e-01 2.085630528466659306e-01
3.658013380883674781e+00 2.267688767685942797e-01 2.459949679995037108e-01
3.784111124118151537e+00 2.711255805836534361e-01 2.272480756920610134e-01
3.378858376225440274e+00 2.418068171053543713e-01 1.441484283442883707e-01
3.524399327581351216e+00 2.863224175868994692e-01 3.219611344823657961e-01
3.878511122555360124e+00 2.168751695671647939e-01 3.087064707752988912e-01
3.776405771478446027e+00 2.622858674857438399e-01 3.037318825096933517e-01
3.514858368265546318e+00 2.398111587529196953e-01 3.602518603049030266e-01
3.551091597828720303e+00 2.178308939245929832e-01 2.077306339238482735e-01
3.940512047097144865e+00 2.743602574369690128e-01 2.993248475693662258e-01
4.198398248362258833e+00 2.916094782445423639e-01 3.730177461351751322e-01
3.877980076118232589e+00 2.422799511031865638e-01 1.823740971463739813e-01
3.442799756765947183e+00 2.145844387773290785e-01 2.182362605522753518e-01
3.570876910828773454e+00 1.866233054620503595e-01 4.068042260988189995e-01
3.628379123672388129e+00 3.206208117795491530e-01 3.110120668843692759e-01
3.818124327831194265e+00 2.161689835487528022e-01 3.165698266386405280e-01
3.640395830005382471e+00 2.543033935671003554e-01 2.015049081635704453e-01
3.447042835687871953e+00 2.535903275485744679e-01 1.978743583052680055e-01
3.297069911338431414e+00 2.376212114523114094e-01 2.617753385894011076e-01
3.695543501171277168e+00 2.708601538691648991e-01 2.385373690726644846e-01
3.348496340700010343e+00 2.173735469750874838e-01 3.619128157406708013e-01
3.874667419377938682e+00 3.034235992561104545e-01 4.132919186232126840e-01
3.098456629726794809e+00 2.399253243998798191e-01 2.693175751736675561e-01
4.299617308197711374e+00 2.218181696778595280e-01 4.263243975204143998e-01
3.503057871359198661e+00 2.440059932047330959e-01 2.351663585971172088e-01
3.755648949279826621e+00 1.650213528065045676e-01 2.827707638818360292e-01
3.995073668022458779e+00 2.001672699619566897e-01 3.074811082478466906e-01
3.890127788332554015e+00 2.040813626670046343e-01 1.820701334782711400e-01
3.435522870403580509e+00 2.802578744777834974e-01 2.769747190301761752e-01
3.369981206209620606e+00 2.424075446093478803e-01 3.839779650207342243e-01
3.785534880111102396e+00 2.361160353926795852e-01 2.278601004070930358e-01
3.376743041471408802e+00 2.764557161784029771e-01 2.775390606505632185e-01
3.770739186510564167e+00 2.879334116836431146e-01 2.969764712928097405e-01
3.616817524391956695e+00 2.471446766376767246e-01 3.020736665429269996e-01
3.630001343344478215e+00 2.283698434456169768e-01 4.563331990835806096e-01
3.507604297385615411e+00 3.106049783034789402e-01 1.862246766035534906e-01
4.021979288324152080e+00 2.699111250863138189e-01 4.677470397653243905e-01
3.781993812567618463e+00 2.991896482876231222e-01 2.872345485781608310e-01
3.901087167925301191e+00 2.006580022945054775e-01 3.472019228977827887e-01
3.801088813279828837e+00 2.044744352610004257e-01 2.807670707402311061e-01
4.023819257482802669e+00 1.734212146530220988e-01 3.440922547202285853e-01
3.627833489406366851e+00 2.878846228096335058e-01 2.707148301038468374e-01
3.769082710113747847e+00 2.831236940150443915e-01 4.026587096693884371e-01
3.925023207725065966e+00 2.727136397123536282e-01 1.828608853436811676e-01
3.596324819806536066e+00 2.890834324043926040e-01 2.391998750488824044e-01
4.176976303597793816e+00 2.213734284206390068e-01 3.772685809501197252e-01
3.658753543876605896e+00 2.462013171607685957e-01 2.211565179806969650e-01
3.886451246905225698e+00 2.268600015391813718e-01 1.435962054738626759e-01
3.878562200621883171e+00 2.361686602016948300e-01 3.083731668617483712e-01
3.605831880387438293e+00 2.656626185419092012e-01 3.427517460331732102e-01
3.664298411973057501e+00 2.850274410371271272e-01 4.665088820839040085e-01
3.945013832923757846e+00 2.084635832190468718e-01 3.924908284608465969e-01
3.988213155278353739e+00 2.000474994751306745e-01 3.039110161607692651e-01
3.363163697768798865e+00 2.044647645518198331e-01 3.345403370643371121e-01
4.082114063959759953e+00 2.060624061002906959e-01 2.534491486693341011e-01
3.624855335197981088e+00 2.499520670124701083e-01 3.237566859849574930e-01
3.581953504379021158e+00 2.993649864768656021e-01 3.054110918047158174e-01
3.861184940109283037e+00 3.122095886627315187e-01 2.258337990123071570e-01
3.742430045335142896e+00 2.564547594300662370e-01 3.788415900141651194e-01
3.787899270845913158e+00 2.227829405793785300e-01 1.988029182720105204e-01
4.035391951131463095e+00 2.678200662468839255e-01 3.589098771674908983e-01
3.831258637168737824e+00 2.116082360141679497e-01 2.327876051979566596e-01
3.527824723742556401e+00 2.150059442507206153e-01 2.689898406873071912e-01
3.639689750091492648e+00 1.756711591272160089e-01 3.770620672535808793e-01
3.603010025409423722e+00 2.883114992672336507e-01 1.823882826215165454e-01
3.770244424953155704e+00 2.002126193129228349e-01 2.793427914237478493e-01
3.984142434763986440e+00 2.638087956007910684e-01 3.061428050234008547e-01
3.638924841507709118e+00 2.232024473472478954e-01 4.176329367188313935e-01
3.335794430712195169e+00 2.741869816608714094e-01 2.597755287506305910e-01
3.406102700814266360e+00 1.930633078520478663e-01 3.327804772929445210e-01
3.814648913346609937e+00 2.107355819323795398e-01 2.247880219390199774e-01
3.289175205733991803e+00 2.527749740068192530e-01 4.202055788922220980e-01
3.785199923779626996e+00 2.395662763405104201e-01 2.476016095716103149e-01
3.649434958843118526e+00 1.836812349704584624e-01 2.236097097234710229e-01
3.683850410003751907e+00 2.644166183399209724e-01 2.653024841270211764e-01
3.574238851041632969e+00 2.850072927087580754e-01 4.145233140913170966e-01
4.020995766195007981e+00 2.299457339660149757e-01 3.219591409895614098e-01
3.884897116498231107e+00 1.625577135483112778e-01 2.482812415794765359e-01
3.765717157099651047e+00 2.673161895513804232e-01 1.319650678062040394e-01
3.585858577620477217e+00 3.106158931037388271e-01 2.517916591086795108e-01
3.602292879129494807e+00 1.887391893650091079e-01 2.976054593765026790e-01
3.546787015299471602e+00 2.874544790945620654e-01 3.708993030350289377e-01
3.960098372455995275e+00 2.799825505786310287e-01 3.132605963598243393e-01
3.708548054305216279e+00 2.583586303492288461e-01 2.861446407871582887e-01
3.904400412475292903e+00 2.563841183598125073e-01 3.141920527610754243e-01
3.744567433150828961e+00 2.439751620873877314e-01 2.677020178428622943e-01
3.463582985360976974e+00 3.120837350648202335e-01 2.169211027380305024e-01
3.740327468139315492e+00 2.580284326918370064e-01 3.061156850144093888e-01
3.734439193145147051e+00 2.596379027189216204e-01 3.029027077881370489e-01
3.511321656296156668e+00 2.647272423255950802e-01 1.932276413083281186e-01
3.767473216312492212e+00 3.092731504440228152e-01 3.108787951078348377e-01
3.899216606203950164e+00 2.894246730225815689e-01 2.423925706536514957e-01
3.836375596656787401e+00 2.015011694450518642e-01 2.910805069103634679e-01
4.103126922310699420e+00 2.471439640074977739e-01 4.503008371617853167e-01
3.765728065051741513e+00 2.019980466810313569e-01 3.312973071571850281e-01
3.474267404714268981e+00 2.535414677529617689e-01 1.389874338465506842e-01
3.716128211257159197e+00 2.564731413055764686e-01 2.552418298579792189e-01
3.164692060897462689e+00 2.787452549083753173e-01 2.496112673306525864e-01
3.495864124647119819e+00 2.448899528212673815e-01 2.496338337950391173e-01
3.514502155125272420e+00 2.281789144972634076e-01 1.402370253377272502e-01
3.904047281226009414e+00 2.086627019238574965e-01 3.097745589210587625e-01
3.783182348887038859e+00 2.826473796972652774e-01 3.083381938857739368e-01
3.666521442070378001e+00 2.209496132168526639e-01 1.634140662752524842e-01
3.520798885795503708e+00 2.060788541955975994e-01 4.361992635937880780e-01
3.930472135791810651e+00 1.590478587009791500e-01 2.930569266185151234e-01
3.611743204171101063e+00 2.250340538000618895e-01 3.007878722921277226e-01
4.351653182558402833e+00 2.577663213042985513e-01 2.244814942453101647e-01
3.624359562473103757e+00 2.846858705604480844e-01 3.975306295021938663e-01
3.591707259236680994e+00 2.201862603095198490e-01 3.655663193836671265e-01
3.288712621781151313e+00 2.467920810526442188e-01 3.062856141562824708e-01
3.259762706571057045e+00 2.876762945298740881e-01 3.972210280297712726e-01
3.608602615839499261e+00 2.928922073170768803e-01 3.636791987412407723e-01
3.809987542876805744e+00 2.159227819985654606e-01 2.513728514974633010e-01
3.821958822032130776e+00 2.589611100766767149e-01 3.478182323060037828e-01
3.655216181758410343e+00 2.689262184279492263e-01 3.506236735911405500e-01
3.479292480753934935e+00 2.048736982868435696e-01 3.632862674842192718e-01
3.612934567237558348e+00 1.920237505642822251e-01 3.075603364911976834e-01
4.103386645271384303e+00 2.386118710655809882e-01 3.016725381394546601e-01
3.525378653863517453e+00 2.401241429924552140e-01 3.692505899445466255e-01
3.878598335969270394e+00 2.527928647515527705e-01 3.281603490953703961e-01
3.602435494670096272e+00 2.808322721206633621e-01 3.769890606642006814e-01
3.478174941780540763e+00 2.762837295792542336e-01 3.450329049130883563e-01
3.911378108006281717e+00 1.758537674678619100e-01 2.743213450976487167e-01
4.039655761838217174e+00 2.131392434714575457e-01 4.326943283875069324e-01
3.645098653710499459e+00 3.084599918269016472e-01 3.237276226078163455e-01
3.899177713964408820e+00 2.168176564756394975e-01 3.391506362128083873e-01
3.243916010780865999e+00 2.582290948954130139e-01 3.362416996940479352e-01
4.304291888987577863e+00 2.707766495219742220e-01 3.416047467072302890e-01
3.750479845726888417e+00 2.276533836970460467e-01 3.771228439456691950e-01
4.196996788263462008e+00 2.583356791936122221e-01 3.959996299431650657e-01
3.773569368639333899e+00 2.784108006106892352e-01 3.811865925002496658e-01
3.994095996605478316e+00 2.152521908690245844e-01 2.032445465638029747e-01
3.517099913015136803e+00 2.206151318358321456e-01 2.868760097669622589e-01
3.994478050153086102e+00 2.641133639327045701e-01 2.508697571545406291e-01
3.646046676140413556e+00 1.787635651725325847e-01 3.286566269386099193e-01
3.716958256611478273e+00 3.069956462050199564e-01 3.297528224857377843e-01
3.345766566338944425e+00 3.014010082728624806e-01 3.752363736712419073e-01
3.396895569018663519e+00 2.309381465438243575e-01 2.265464792953399698e-01
3.938487877866197806e+00 2.940933998450143139e-01 2.219414950472330117e-01
3.936405036081933151e+00 2.429345720302265033e-01 4.236425743473736238e-01
3.592009106481447667e+00 2.191532742351802177e-01 2.459919580319565591e-01
3.643631857447331868e+00 3.019525999223218182e-01 3.934464368911755883e-01
3.888668278739187745e+00 2.768092661587746584e-01 4.241647962844937170e-01
3.847802987553115894e+00 2.675393973660617486e-01 3.396681014446844005e-01
3.947148025387122949e+00 2.443827651135892787e-01 2.027581113688314285e-01
4.120338916413643915e+00 2.077709127493964636e-01 3.821662101139167156e-01
3.674064433503708926e+00 2.280336150457016597e-01 1.873586830233631428e-01
3.278543101720852615e+00 2.629310727470715037e-01 2.331625195775001713e-01
4.066228670032048242e+00 2.398743632389592206e-01 3.109863201001263899e-01
3.903085259346929625e+00 2.697395347924537168e-01 2.805910117976397333e-01
3.342881965144479217e+00 2.953876788289165889e-01 4.253749773747911300e-01
3.243213591411111540e+00 2.400152823115337675e-01 2.748246087638573365e-01
4.204554210739839704e+00 2.448286951741522610e-01 2.394909088107928241e-01
3.771164759846697745e+00 1.730856918994250482e-01 2.824589209798427647e-01
3.478584097003501796e+00 2.532604972578815228e-01 3.109036385974221495e-01
3.741844383738292645e+00 1.701555475720498700e-01 2.182726623455889525e-01
4.323495128808890975e+00 2.383088173818450062e-01 3.771055518793735017e-01
3.436852735604392084e+00 2.876442239275414092e-01 2.885760464360199173e-01
3.947325665351696600e+00 3.021749573211893747e-01 3.451593270405978742e-01
4.144718774146193496e+00 2.195449920788369869e-01 3.308781227671823699e-01
3.832793618842297523e+00 2.910181520013305767e-01 4.373875067946471074e-01
3.923937151705917614e+00 2.841825485068673052e-01 2.842047621680727221e-01
3.814559022035100888e+00 2.533525218387270850e-01 1.812710426030485489e-01
3.679857791253269284e+00 2.619385468914797177e-01 3.639387069556119236e-01
3.677983317718107603e+00 2.450949916990352584e-01 2.351152083605416998e-01
3.446547960106622899e+00 2.602297249342575558e-01 3.033123583550009217e-01
3.816780252009560392e+00 2.914334693129323473e-01 2.964968441683005218e-01
3.888060590027256680e+00 2.761903151909708143e-01 4.287518362446642306e-01
4.127817273213840288e+00 1.867379392004586691e-01 3.728095414338776781e-01
3.708147621435663677e+00 1.958772419941356147e-01 3.182321319499638590e-01
3.288730601180643642e+00 2.823869575298404988e-01 2.319869305600142650e-01
4.026778885577258826e+00 2.768694994887127558e-01 2.864538966748609861e-01
3.990023076629253929e+00 2.471989388364967677e-01 2.561573449940215408e-01
4.063782035862090858e+00 2.827971625362863395e-01 2.894864413051375096e-01
4.425295481291537492e+00 2.571360701813531491e-01 3.774114353816469536e-01
4.014262048611776379e+00 2.647796381389483367e-01 3.018212097041009789e-01
3.948018863536753020e+00 2.348064209349801090e-01 2.023770021815598785e-01
3.424897142286045693e+00 2.205933630711426063e-01 2.573189582468622394e-01
4.162753418368555280e+00 2.457868030917926550e-01 2.186736827699855834e-01
3.669736611595477704e+00 3.061631572406434687e-01 3.495408103587530069e-01
3.614051680650421261e+00 2.307237470763510157e-01 3.981109507506087053e-01
3.662933639558312304e+00 2.912358570095723298e-01 3.622010596090052825e-01
3.890680865429736013e+00 2.929031548150359265e-01 3.256722290220352978e-01
3.812890706852405387e+00 2.507890162457590000e-01 2.568974437484647932e-01
4.039404983325530551e+00 2.936121266710874367e-01 1.856731877851762746e-01
3.875070003869744095e+00 1.916006422226712580e-01 3.150268666020772379e-01
4.094847003053081913e+00 3.298820385046638548e-01 2.356284115759206266e-01
3.801414873355042801e+00 2.667575441433006067e-01 3.667781516128532093e-01
3.701396765092076713e+00 1.841520285301938564e-01 3.302700822525180824e-01
4.019183389320152067e+00 2.879603367834130401e-01 4.100512874892598969e-01
4.182387401850578001e+00 2.035017573089799026e-01 2.788816647281935346e-01
4.139242840312416405e+00 2.366322086727984664e-01 3.498166546964552870e-01
3.907915696943175199e+00 2.319265371351585392e-01 3.564748666964208113e-01
4.240139595873608336e+00 2.616260327329560931e-01 3.804487233776570054e-01
3.960233032707856982e+00 2.946143304002472041e-01 1.698452280882012944e-01
3.669836867924540780e+00 2.978573200191791948e-01 4.071837245537839878e-01
3.793831406445087762e+00 2.215624396641406590e-01 3.233341611456040932e-01
3.609076614788425452e+00 2.302154000786471588e-01 1.301415111211412790e-01
3.829326765197610172e+00 3.102834445285944098e-01 4.462667453272069484e-01
3.975504353374201827e+00 2.280491054848283738e-01 3.851007149411575514e-01
4.072400495790615693e+00 2.799953362999290096e-01 1.752425638149056053e-01
3.557858302429718123e+00 2.140096746523678928e-01 3.171109197763033460e-01
3.376019339393840024e+00 3.018576615177719358e-01 3.819021211711316477e-01
3.615931212813658480e+00 1.651039856621686064e-01 2.994122482779066896e-01
3.692317161469974351e+00 3.069630822283814786e-01 3.168799171508641654e-01
3.772908517445069165e+00 2.858928532005692302e-01 2.235134410583352049e-01
3.726296331081252244e+00 2.409989623363606448e-01 3.346512248570178150e-01
3.514326491458766188e+00 2.207523402939916002e-01 3.883133364269925059e-01
3.484914957127341673e+00 2.138848131189405311e-01 3.266773969678749556e-01
3.223066154260753269e+00 2.772784554856201900e-01 2.607096803117234796e-01
3.436550492081998698e+00 2.621880568753881535e-01 2.120541013768421357e-01
3.914669307630294526e+00 1.997468273750123147e-01 3.948841423390222483e-01
3.899572787710092303e+00 2.471153318228493101e-01 3.344656320097618707e-01
3.518295853869952250e+00 3.173882416195794032e-01 3.347035100658923290e-01
3.823633030849979964e+00 2.430228106846296088e-01 2.201896048453471644e-01
4.074390387530789859e+00 3.160838037795259403e-01 3.121835434390563546e-01
3.693906377001342278e+00 2.320855798408060500e-01 3.561494835610146681e-01
3.936607524260446134e+00 2.628930253780139004e-01 3.394130716210062015e-01
3.948040005029292754e+00 2.508767623905736044e-01 2.148443259320687027e-01
3.380340412796349447e+00 2.169590863202168762e-01 3.225646176363762274e-01
4.494137058548719921e+00 2.479657311193722014e-01 3.008842244173051128e-01
3.329628048075291336e+00 2.767460527345583787e-01 3.523374105641206011e-01
3.590643223806031070e+00 1.652159504447792138e-01 3.173001797675184532e-01
4.251157455495541804e+00 2.501807220415894206e-01 3.198835794945590894e-01
3.639049126357173147e+00 2.013868326333760617e-01 3.390173821743096005e-01
3.260217214452783008e+00 2.720992640861377154e-01 3.604928836479499576e-01
4.029964997207352795e+00 2.352042677067797405e-01 2.596748030052658529e-01
3.823933061576621384e+00 2.574918540524692712e-01 2.326015396848616079e-01
3.757792360490314731e+00 2.919786217971377384e-01 3.333022212675014195e-01
3.683226868262565734e+00 3.112813285957164444e-01 2.813174553744277606e-01
3.809372227247671550e+00 2.714404569208472839e-01 3.230456145738248019e-01
3.801053792356190897e+00 2.940322293271019349e-01 3.775327477913475449e-01
3.971510443710066784e+00 2.493475032955823900e-01 4.248670541198557582e-01
4.030082634714976741e+00 1.838608312245108567e-01 3.268371448449162719e-01
3.627014151123963970e+00 2.856264792973525202e-01 4.037594053416553863e-01
3.463735596033316266e+00 3.310267059012805824e-01 3.121673285525370933e-01
3.665977151419360425e+00 2.707994541714032199e-01 3.529747343230760226e-01
3.602991600710953701e+00 2.326687032979849745e-01 2.958786325524470628e-01
3.332131009334426963e+00 2.435125701280398403e-01 3.633364874000105105e-01
3.871376015583162022e+00 2.310762691502497579e-01 2.643038764199774904e-01
3.663599108035504148e+00 2.277070174660151547e-01 3.121787489130785076e-01
3.939007352050506228e+00 2.453210353189899939e-01 2.839079127881067310e-01
3.431768048210850797e+00 3.193520473335719756e-01 3.559762752497618865e-01
4.055448062145935673e+00 2.101274260471893141e-01 3.426495090341631355e-01
3.314596740289957211e+00 1.918349897118962200e-01 4.093246743050189540e-01
3.673248941832316206e+00 2.343992403846547612e-01 2.971296532180780492e-01
3.911464782111798488e+00 2.425323487285285518e-01 2.098825786128109550e-01
3.834749525295489292e+00 3.008914731823968958e-01 1.692677528051443891e-01
3.863816926533649276e+00 2.612266150487250749e-01 3.253376317831799258e-01
4.306680133758641560e+00 2.653713545374134508e-01 2.104751643487506874e-01
3.802419702136593749e+00 2.075510272124588274e-01 3.096261413813856667e-01
