3.790682153291676126e+00 1.305412398765532500e-01 5.758298684824310065e-01
3.182007744560238827e+00 1.141587057253473092e-01 5.839020627236223282e-01
3.401511913254160469e+00 1.519935769928549285e-01 6.074165338449030171e-01
3.668641510844992570e+00 1.565121255725350491e-01 6.018929333746469990e-01
3.558025202666154296e+00 1.285326749782345901e-01 6.511934356656651213e-01
3.518915636196816354e+00 1.204047449104516526e-01 6.092924748246808520e-01
3.488556792292160313e+00 1.426871475050994487e-01 7.778512512402832035e-01
4.061652187229096711e+00 1.170832115662312212e-01 6.844694035403885435e-01
3.298821917906350709e+00 1.569438519575283852e-01 6.627830775044478706e-01
3.859689880231028436e+00 1.746286140325891967e-01 6.897489208879998834e-01
3.523285580531930972e+00 1.047950052183492797e-01 5.580136783467101180e-01
3.479883236415060477e+00 1.526574874077533672e-01 8.054823168015983192e-01
3.238898954239051609e+00 1.639215811348414542e-01 6.178024794153635924e-01
3.850181403618915255e+00 1.751505102057912544e-01 5.424423508639979463e-01
3.514125613751580612e+00 1.416202766830373383e-01 4.252036643543043448e-01
3.631320325467673804e+00 1.455223981775715381e-01 6.952783870631134011e-01
3.525623543200862020e+00 1.324856005737501674e-01 5.805613877895243746e-01
4.068594201676000388e+00 1.637450877218723511e-01 6.731059464565130046e-01
3.380302501523043457e+00 8.823753080429810880e-02 5.265355801088293930e-01
3.660863165453442480e+00 1.473443618540162259e-01 5.138561043935117034e-01
4.181126763281550751e+00 1.621675216531742181e-01 5.994701457536205647e-01
3.711549940800242364e+00 1.486888760690804889e-01 6.013193734049318007e-01
3.248213313804358737e+00 1.267430920972394404e-01 6.512595573292029316e-01
3.558390310217676156e+00 1.333473764863249977e-01 7.345961386961321615e-01
3.517085809558289089e+00 9.000358426983039173e-02 5.389465198205189989e-01
3.616073712784181549e+00 9.499313415137783378e-02 5.652016467314456838e-01
4.087748677041407319e+00 1.359572449375314462e-01 6.091046043403024468e-01
3.776659082925286626e+00 1.417467837798743746e-01 5.850343017837585924e-01
3.419578918823208191e+00 1.486084732603957237e-01 6.916283963504191723e-01
3.326238348887315954e+00 1.507393656983367081e-01 4.823897431624017407e-01
3.219567410404157393e+00 1.579529878757707229e-01 5.297627934377467929e-01
3.853567415565250620e+00 1.562772637916166607e-01 6.322961069724882810e-01
3.505749218654982791e+00 1.568730505752826410e-01 6.187796695660346957e-01
3.198894178022418266e+00 1.627693416612608357e-01 6.365345507952383519e-01
3.629600624335711512e+00 9.938388454743146694e-02 4.781199810887306612e-01
3.811959097267400232e+00 1.097342254812692652e-01 5.886354052701853190e-01
3.248325339328710815e+00 1.504736250532536790e-01 6.055235065619619661e-01
3.713441307536453628e+00 1.368961199099819337e-01 6.100988895838556081e-01
4.184092535790147060e+00 1.470741610225157758e-01 5.428986482490347765e-01
3.735593380429979682e+00 1.699360671176966264e-01 6.898790309014576350e-01
3.958385333619849344e+00 1.350518027237450902e-01 5.154722025926461448e-01
3.165332466662470257e+00 1.571910041774420841e-01 5.829634455114792724e-01
3.346454096433419956e+00 1.094041785884821705e-01 5.821502892143151087e-01
3.151759862616720920e+00 1.539889190521631923e-01 7.182952519837761951e-01
3.465118575679058122e+00 1.784896368479417517e-01 7.653596571444847285e-01
3.889264399118383508e+00 1.792405253834135348e-01 6.194784469211269684e-01
3.501036214043695693e+00 1.623191029366002625e-01 4.655727617328110357e-01
3.980257398974121230e+00 1.732217961866661105e-01 5.698733636601482910e-01
3.552980776232205429e+00 1.203671149135196738e-01 6.772193799795784841e-01
3.794412960138848767e+00 1.311363734947845194e-01 6.508320272022376507e-01
3.528925216808237675e+00 1.363346222263001062e-01 6.863285104868336317e-01
3.807606846762333852e+00 1.446964034974826119e-01 6.228325841562335485e-01
3.562360636878067588e+00 9.472714064169984738e-02 5.694117652108009464e-01
3.672097040147253466e+00 1.411339780409461286e-01 4.419426100756299602e-01
3.824362680960439853e+00 1.692196723123171598e-01 6.711215854415337745e-01
3.934319231813705020e+00 1.182818485591223129e-01 5.702631262661389533e-01
3.970003104910705627e+00 1.443044538815534683e-01 5.087957118086189334e-01
3.310956991343959377e+00 1.126527629751270798e-01 5.628258350971431234e-01
3.972834534290485831e+00 1.639850151157648539e-01 5.973329117442108815e-01
3.116239516140227206e+00 1.145619334774733711e-01 7.763518099659313387e-01
3.740531647909817625e+00 1.380323914014446873e-01 6.246276776441104239e-01
3.844998489010647003e+00 1.539983221068640662e-01 4.968889644739751255e-01
3.473716646944247533e+00 1.285581105668250346e-01 5.571048489374234025e-01
3.626174866559734422e+00 1.443857136695018695e-01 5.950216870770234090e-01
3.811044066868610081e+00 1.049806631837417181e-01 7.840552995232240585e-01
3.780768092705972361e+00 1.715313722451990430e-01 6.668176394640209503e-01
3.965039454328270097e+00 1.446504990831113391e-01 6.543982647033027567e-01
4.104272552723598366e+00 1.375482170817592387e-01 7.724099155304545716e-01
3.867281600949493470e+00 1.640473720172194172e-01 6.748940249572518146e-01
3.423099570222543075e+00 1.305005944029566656e-01 5.582923584535746109e-01
3.825225402472565595e+00 1.200254590784975151e-01 7.060892940939116347e-01
3.008373514334222953e+00 1.573408720749378542e-01 6.453718058464359419e-01
4.036023616891403876e+00 1.493817555964311039e-01 5.654710580078311510e-01
3.976057946292209877e+00 1.125333853589668975e-01 6.614469033447183399e-01
3.601145624630491149e+00 1.666896493463416451e-01 5.555821037947378249e-01
3.731668657133567546e+00 1.549351855761835206e-01 7.776692602097829976e-01
3.149613152575607256e+00 1.660409277477219170e-01 5.105729432456443950e-01
3.499736275144377462e+00 1.393411043349095102e-01 6.265914966643099104e-01
3.475451770839940835e+00 1.753383952201212903e-01 6.642553457892113045e-01
3.985187471326466557e+00 1.532295782534790207e-01 5.020261179393656903e-01
3.698676148800259966e+00 1.489919770559441081e-01 6.921885081953699226e-01
3.525827846811398381e+00 1.321339682090454104e-01 5.897392631425258935e-01
3.684351513635286679e+00 1.453333207560470186e-01 6.226924835364008315e-01
3.599978562339590571e+00 8.859627602419231640e-02 7.166175833704994114e-01
3.373066173350785846e+00 1.556515189228935003e-01 6.413612884916981560e-01
3.685970447299478536e+00 1.255123704303730547e-01 5.874760040419589879e-01
3.400355095893908164e+00 1.623499259430829234e-01 6.036985558641644323e-01
3.613089829008550247e+00 1.583442462673503304e-01 6.689116467120543863e-01
3.832859620830645575e+00 1.274399349647351298e-01 4.944858556144189343e-01
3.372932709785943839e+00 1.278814757797115675e-01 5.169562280255695086e-01
3.546271816700292234e+00 1.787766484308351556e-01 6.551455384468810594e-01
3.937233799935909051e+00 1.034527090507995489e-01 6.499330329885236734e-01
3.825076761088021193e+00 1.963107178196411562e-01 5.976617041068800207e-01
4.121335605390893164e+00 1.600666650678663205e-01 5.575170533756433899e-01
3.145273673262180214e+00 1.525922512583735291e-01 5.031454743876194735e-01
2.945474941554771853e+00 1.149781274944577797e-01 6.132171961611548872e-01
3.361201236740249509e+00 1.746099899467555283e-01 7.219164025306421539e-01
3.371804041924282735e+00 1.327722541814793655e-01 5.828823192183040236e-01
4.017646899754257817e+00 1.208019006767519082e-01 5.329468692679386610e-01
3.267560077950833364e+00 1.302587587274273706e-01 5.332097013185581602e-01
3.603921175890647977e+00 1.313257921290541252e-01 7.048475199956222292e-01
3.803601529020099292e+00 1.427769975621521747e-01 7.946252233453683367e-01
3.236516212266156156e+00 1.370449649910933099e-01 5.556055048608801172e-01
2.990123816886963937e+00 1.159717865074819387e-01 5.645372982004889240e-01
3.992221804317315659e+00 1.806753240132891181e-01 5.468950791390287947e-01
3.814390215067059220e+00 1.186166741050580370e-01 6.874660515950444806e-01
4.064311185569288831e+00 1.168351629486565069e-01 5.757993408800353707e-01
3.475940712484979489e+00 1.334316368305480671e-01 4.499698301789798460e-01
3.172540217050399569e+00 1.638465981917399672e-01 6.701233457476701849e-01
3.543265899630937632e+00 1.201454071045838234e-01 7.240830307565809809e-01
3.609035780820701422e+00 1.914164044149913591e-01 5.334782666581716626e-01
3.673433220387389841e+00 1.503237384714077030e-01 5.926426858919476848e-01
3.803154639210692523e+00 1.544541420939247178e-01 6.160177168796143743e-01
3.140613563728457791e+00 1.570053454243714453e-01 4.474304797100108200e-01
3.760092598186478785e+00 1.090370675988773519e-01 6.574069338735224477e-01
3.713192142596559275e+00 1.620063858819541514e-01 5.066742986225563072e-01
3.232554097678550509e+00 1.113797671776415033e-01 5.901661260684307742e-01
3.388544320817714617e+00 1.124825145714046792e-01 6.841478206537903173e-01
3.862003148108455797e+00 1.419079299348404433e-01 5.778632079541791144e-01
3.597676606079917239e+00 1.189742619427260339e-01 6.406481262850074465e-01
4.005677626802287783e+00 1.364368034256700779e-01 5.162841971601689339e-01
3.400316968350513669e+00 1.065520916145737684e-01 6.148151358053010052e-01
3.549228573219561866e+00 1.447110200512591316e-01 6.073264163649665370e-01
3.815540438961119385e+00 1.893765089159472059e-01 5.005277711276948649e-01
3.977158170183215269e+00 1.161371737136755455e-01 5.968739823097657382e-01
3.166888049738959765e+00 1.112747067274405810e-01 6.340076695149773345e-01
3.934372527306760237e+00 1.533220240938810153e-01 7.059909871080376487e-01
3.766863914358334231e+00 1.223606954645518885e-01 4.874812135869255325e-01
3.263201940428562597e+00 1.094653581685477856e-01 6.325593474141513184e-01
3.475517585129735298e+00 1.325050329059724863e-01 6.246631075288583412e-01
4.250028111419815069e+00 1.181138385956795045e-01 5.339403203535675324e-01
3.570217921440185016e+00 1.041767001238544932e-01 7.209973769874729044e-01
3.802942670532516001e+00 1.270044604574785130e-01 7.224031085261561902e-01
3.715882722737755994e+00 8.608436475419423139e-02 5.602973427903619186e-01
3.979671875709382967e+00 1.443832960415400435e-01 6.289874297678761383e-01
3.381407792630612530e+00 1.723177517848335505e-01 5.659959689209965727e-01
3.690187673762947984e+00 1.120251977128048915e-01 6.471783146678273813e-01
3.780923102410546299e+00 1.410179410545434331e-01 5.526919886081627098e-01
3.750766245468253768e+00 1.753045622459030173e-01 6.747345973190673751e-01
3.157289097487842700e+00 1.538417513932817393e-01 4.762335705937144059e-01
3.909331669779362084e+00 1.499795692774110734e-01 7.873734653125283867e-01
4.262362060743662973e+00 1.505324262906667931e-01 6.804981741828125541e-01
3.492781204448294208e+00 1.290762882131492040e-01 6.383787128278944900e-01
3.615697733319406915e+00 1.196360583762525742e-01 6.233501764952001922e-01
3.290152575305044902e+00 1.284866964333861439e-01 7.108033662044537238e-01
3.895108709332609997e+00 1.502795854430239164e-01 7.464038743046961244e-01
3.341033620788085301e+00 1.055400624621475741e-01 5.735483063068453902e-01
3.660961719060793040e+00 1.050454102780879612e-01 5.792530832492083226e-01
3.652057751074878844e+00 1.642817212135673499e-01 5.710403641613204240e-01
3.307989510314766068e+00 1.793901295296272957e-01 6.950758899393739698e-01
3.374955243904865121e+00 1.304210719030995946e-01 5.317950911051816387e-01
4.196864492463470597e+00 1.365211014977129322e-01 6.004296288876628251e-01
3.427522307247121702e+00 1.543472461302637655e-01 7.420739192280463303e-01
3.497312205988498679e+00 1.855626300460955225e-01 6.671758344211518033e-01
3.761514118671553053e+00 1.428698173447557618e-01 4.942564223611071172e-01
3.500273134693933308e+00 1.174784114281730019e-01 4.615049290893566969e-01
3.134697386135278485e+00 1.275482668294322108e-01 5.925893306082862244e-01
3.495397898389016600e+00 1.338046416582770182e-01 7.274478240181414535e-01
3.533540900574491328e+00 1.627188836592984855e-01 6.034395276839905620e-01
4.021450248549046869e+00 1.206381366061889532e-01 6.755604847628570164e-01
3.106479484044487815e+00 1.174772454912958730e-01 6.260178119369947947e-01
3.688734257606670841e+00 1.446209217290920779e-01 6.836795389416895352e-01
3.811035059064030506e+00 1.825056545491460791e-01 5.893717827407802812e-01
3.401594907095718323e+00 1.426647577779463771e-01 4.576359887681004102e-01
3.601330952851176992e+00 1.524221437936121859e-01 7.353405286235933369e-01
3.947000457585776445e+00 1.606775211119915725e-01 6.172712309216163984e-01
3.428826180585673455e+00 1.422446120072198283e-01 7.275096119007483653e-01
3.987440781824483249e+00 1.308092129408388038e-01 5.518377269486236525e-01
3.309869251391484912e+00 1.156505646844787349e-01 4.861498168863754854e-01
3.477506251458355901e+00 1.196173989026479284e-01 6.435094367378224600e-01
3.681204842334981020e+00 1.423083850602885891e-01 6.454689929952754923e-01
3.592354460048673648e+00 1.628770660423247141e-01 5.859651588497341024e-01
3.648755078948307418e+00 1.723254656230769344e-01 5.211076836710260007e-01
3.705357985630615580e+00 1.538432106857554604e-01 7.764727455484760066e-01
3.966243362443802933e+00 1.193863668309591841e-01 6.329131412015088776e-01
3.506217138557621738e+00 1.113798064993427872e-01 6.497955350287234477e-01
3.259050303589450248e+00 1.220859534899736976e-01 4.974671336151538226e-01
3.672437663549746656e+00 1.620701568314729113e-01 6.021536569865112432e-01
3.713821693616066177e+00 9.036771281607533512e-02 5.628644917564148420e-01
3.805246726892906217e+00 1.154274116233562908e-01 5.045027949536876610e-01
4.142087500741522987e+00 1.255802569201806551e-01 5.317821713275987516e-01
4.017680305921219386e+00 1.257154188183956522e-01 7.200237933610305063e-01
3.790750854585374530e+00 1.848656522423134663e-01 5.620642646014820665e-01
2.967172118762815280e+00 1.301498365863087980e-01 7.267147381564807995e-01
3.334961837268334062e+00 1.032000017979688988e-01 6.482909079199442592e-01
3.959341656709942203e+00 1.682119185378721515e-01 7.459453087122106529e-01
3.645818866065550168e+00 1.370551431765863193e-01 5.265968520700956557e-01
3.465459526325793238e+00 1.554891179946990554e-01 5.920806980002850661e-01
3.333104645324234117e+00 1.088085525755985716e-01 5.134893028989553354e-01
3.511590674151076286e+00 1.768078045454381797e-01 5.806880958962059580e-01
3.598368755188597667e+00 1.194684881161772044e-01 5.652351607833223657e-01
3.525901433851231115e+00 1.215048152471230603e-01 5.427725187556530217e-01
3.434590885462947885e+00 1.142638866663584774e-01 6.721120650744085712e-01
3.329386725592084151e+00 1.713739599207629305e-01 6.984408340422131323e-01
3.459579306899930096e+00 1.422057518922737185e-01 8.047382245709877591e-01
3.859130686630770413e+00 1.688430429279634271e-01 4.455200575918540906e-01
3.921448669092380435e+00 1.516584793958543620e-01 5.617155293289068929e-01
3.786838344928157962e+00 9.846198313653908851e-02 4.986660270153739360e-01
3.471589500366917935e+00 1.245192767633068187e-01 6.191828381736246278e-01
3.544336550998418822e+00 1.251252408590005916e-01 6.879007558111860376e-01
3.868134184995465574e+00 1.239118655176069256e-01 6.101820665079952244e-01
4.035935130086045319e+00 1.388602617400750694e-01 5.906060362905813932e-01
3.570524074400697856e+00 1.293060744386916316e-01 7.441749765800429461e-01
3.559678818279847778e+00 1.561728150711870211e-01 5.564135169010449022e-01
4.103282781679527425e+00 1.077017972548796609e-01 5.072715548499024951e-01
4.025948236135275415e+00 1.422970145139656473e-01 6.862263414885723112e-01
3.836081890580110620e+00 1.778173229312128845e-01 6.075686589088163947e-01
3.796148422042507242e+00 1.095216713148287890e-01 6.353690089261827545e-01
3.923424159093490626e+00 1.699691951162903003e-01 6.176841716451247910e-01
3.983812885706776274e+00 1.513169147212662657e-01 5.652192858771002415e-01
3.247543321130307525e+00 1.874964074502122324e-01 6.293260101862738765e-01
4.007150742492195938e+00 1.549832008151778018e-01 5.844168594777975345e-01
3.413328972202398504e+00 1.127331655277341582e-01 7.547993710048261917e-01
3.453584257159386439e+00 1.541418361909947243e-01 5.406126267297719501e-01
3.960539936920847826e+00 1.318670181392508634e-01 7.327112668882503899e-01
3.385191896676211343e+00 1.323865069612411294e-01 7.360131118700934394e-01
3.338519509473601321e+00 1.307962121359797503e-01 6.499610572634929584e-01
4.122084332133686857e+00 1.766404650489387107e-01 7.247837994844327225e-01
3.428279461921351690e+00 1.138236174027161679e-01 8.120083437484929556e-01
3.773400412247984725e+00 1.282406990650788725e-01 7.480283426957359261e-01
3.953755744018477181e+00 1.487435425514684606e-01 6.331144633484524498e-01
3.274916901074765629e+00 1.655064896187346257e-01 5.755886387988430331e-01
3.194478544321869506e+00 1.503411355340340538e-01 5.364135130683133079e-01
3.024467130707241047e+00 1.387293039652257587e-01 6.272559151469211391e-01
3.992069221788147271e+00 1.335720411101845584e-01 6.556630482581051744e-01
3.449830503473989118e+00 1.678092411567370101e-01 4.283049939256734495e-01
3.618231045398239143e+00 1.295709061074747648e-01 7.538520480757588960e-01
3.995983907419667247e+00 1.234821894044029061e-01 6.461280306432857223e-01
3.823859170793400875e+00 1.531409957916916864e-01 5.903482442771759153e-01
3.717811881784091721e+00 1.571146869436830518e-01 6.407448035983186463e-01
3.503170925718965378e+00 1.772497378785326261e-01 6.281004649510746329e-01
3.255406572371772000e+00 1.175997763477959479e-01 6.149506348721505145e-01
3.698501991306653469e+00 1.666153560153104951e-01 6.790207313700422631e-01
3.026057860873691663e+00 1.711017996789642170e-01 7.053210123931156206e-01
3.541881223952513480e+00 1.473157739653817577e-01 6.384975443425514596e-01
4.121591252074995992e+00 1.502576529638578184e-01 5.881500023492916007e-01
3.948612871154630888e+00 1.436134825589077679e-01 8.435805352230232312e-01
3.419637308961825717e+00 1.490727851363776446e-01 4.163522838012027050e-01
3.150734661670680392e+00 1.688276626695909277e-01 5.250580241639537515e-01
3.572790377526949168e+00 1.445620644440406832e-01 6.528674150212988581e-01
3.737475463300266920e+00 1.373546719075029177e-01 5.935225595373456731e-01
3.526522327070529705e+00 1.774552664594423179e-01 6.483994032392274010e-01
3.067583122598167567e+00 1.479422534626051722e-01 6.900139105891803792e-01
3.669925238309084570e+00 1.441150508880451042e-01 7.223779304375006483e-01
3.665490352504302329e+00 1.295757972805441638e-01 5.278569602951134199e-01
3.792794899542397680e+00 1.447157767452801336e-01 6.106706039215175075e-01
3.727586006506562022e+00 1.624280109946842909e-01 5.928833433994545876e-01
4.179963291653329804e+00 1.262389593412411859e-01 5.169446040681804355e-01
3.590904060106153484e+00 1.618741907499097743e-01 6.510992556850362378e-01
3.587148472803256105e+00 1.248760104644159319e-01 6.552985397043302740e-01
3.973291568747217450e+00 1.815219057268491476e-01 6.427988225918853660e-01
3.362007545909740269e+00 1.271580587259275863e-01 5.466754153747742651e-01
3.703083455390665080e+00 1.647089949022442212e-01 5.820764111008340791e-01
3.300641579023904981e+00 1.160002261509646276e-01 6.903059777769102734e-01
3.896016362083056794e+00 1.575938692187302814e-01 6.381872618006143583e-01
3.766059567574255418e+00 1.247390027125418605e-01 6.052053530505399070e-01
3.724678180635662805e+00 1.514822770003765029e-01 5.926233515898859938e-01
3.716623027979774729e+00 1.521943932776537722e-01 5.223332653308390139e-01
4.052366271072112447e+00 1.004778030013663837e-01 6.334654841867017883e-01
3.408921779559321408e+00 1.268213117293929826e-01 6.808087977626975373e-01
3.386462994502791979e+00 1.203563175204100388e-01 6.237335039490393696e-01
3.497477480142431094e+00 1.252313323207305817e-01 5.285480731591527537e-01
3.454921311846683718e+00 1.298311733088710618e-01 5.721738256554641522e-01
3.175825836862076201e+00 1.143359771993814888e-01 7.700822222691962038e-01
3.350187888710002060e+00 1.445637751561120177e-01 4.936489550681431027e-01
3.131979164416008210e+00 1.030112636785465580e-01 6.982744520130670374e-01
3.228411109320188377e+00 1.272555292042589770e-01 5.111386544152392020e-01
3.807361028634266731e+00 1.335177150267158330e-01 6.294720435841132389e-01
3.731085852951668169e+00 1.111764959159677740e-01 5.954331056419432944e-01
3.890570742929462256e+00 1.644913378409645355e-01 5.973513367061350499e-01
3.702493409603954344e+00 1.034293546327907654e-01 5.005999761830376427e-01
3.828955089682267054e+00 1.588675208834802177e-01 5.306871359548672729e-01
2.916318823866104637e+00 1.555535164668409021e-01 6.293054866296710070e-01
3.936830707637874571e+00 1.427147788122175298e-01 6.069548084201857874e-01
3.428130983982808466e+00 1.451942319008518445e-01 6.685777221956507033e-01
4.161431366869130066e+00 1.305105260172767512e-01 4.955551144476622039e-01
3.822662139994871033e+00 1.255273558478629259e-01 7.216702363460025804e-01
3.925493905349690671e+00 1.423405104859575554e-01 7.341385007816769726e-01
3.487979555391843345e+00 1.670985894059739685e-01 6.376216488685979566e-01
3.216544574995114480e+00 1.444853459792557471e-01 5.260098110736667332e-01
3.885683372021902393e+00 1.656113551884550728e-01 6.008524850506510306e-01
3.590267597217525530e+00 1.512135068672335048e-01 4.289469839942011697e-01
3.926621219314638811e+00 1.072245536060800891e-01 6.668803507602408809e-01
3.712375918148494325e+00 1.381595073050528311e-01 5.676411847166403790e-01
3.841058985737047404e+00 1.161607538659833461e-01 6.090106464837926614e-01
3.361290768075225976e+00 1.294128636401205290e-01 5.489975935351745218e-01
3.801524143193305338e+00 1.204290101963192000e-01 4.234111493297320061e-01
3.726525323451447047e+00 1.096129729045476342e-01 4.999181591605659225e-01
3.898743223606639052e+00 1.363907507063639168e-01 5.882439147934074297e-01
3.538380746733081228e+00 1.577801144758236018e-01 5.770938371579893422e-01
3.765521691597749410e+00 8.874054371789427687e-02 5.435485039948674268e-01
3.324920129691451010e+00 1.216072715754975275e-01 4.385766869144294144e-01
3.995282165594214341e+00 1.170354687512143305e-01 5.450764490416947217e-01
3.393185236719284958e+00 1.544448594434618682e-01 7.561667229056681094e-01
3.917477696322877456e+00 1.507933941250509946e-01 5.859878585909714666e-01
3.692043051429540590e+00 1.135473462790519139e-01 5.927821174487881706e-01
3.841022814651712913e+00 1.754584439809348806e-01 7.106891610653939262e-01
3.607966460196382563e+00 1.415509287406610528e-01 5.066474925697570519e-01
3.590984980110918379e+00 1.571467744766147090e-01 5.203110399223958016e-01
4.008241399699913110e+00 1.472162143759995490e-01 6.612532769003581778e-01
3.431774381236047944e+00 1.437065906357924139e-01 5.857071632748421797e-01
3.339372699634799435e+00 1.054785172604998100e-01 6.371428745844366359e-01
4.027805773481293095e+00 1.734222681817881029e-01 6.316609612965160547e-01
3.601100999558624505e+00 1.283202103572679553e-01 5.760703372725617388e-01
3.518532549002798326e+00 1.450415378762609508e-01 7.868456345240686378e-01
3.833670818208211539e+00 1.299569254314741629e-01 7.430156870286126480e-01
3.746031762201789572e+00 1.261466382440875056e-01 6.588742721198054264e-01
3.370962628982268505e+00 1.372501324381853738e-01 5.919072966355034549e-01
4.099208641065380299e+00 1.236589381700563123e-01 6.901338496474438422e-01
4.050152803322792039e+00 1.558607006683862539e-01 6.010722108109051165e-01
4.051871074554982854e+00 1.528128836379801792e-01 7.337503042186325208e-01
3.973517350500678003e+00 1.437141145885517390e-01 7.803382095103804650e-01
3.768349421567101842e+00 1.211007677540134886e-01 7.113536158823109412e-01
3.673862591137385003e+00 1.357192710355226151e-01 5.834175053725206839e-01
3.626627278635264684e+00 1.412142819962973195e-01 7.216776728976123101e-01
3.234735199493735003e+00 1.602834406454601290e-01 6.016051756288250951e-01
3.642231615124849498e+00 1.764003075375938367e-01 4.733838633295203158e-01
3.593517242786868682e+00 1.288956670603029209e-01 6.874021045263662977e-01
3.722358397253236806e+00 1.526611664192820128e-01 7.722665465281794983e-01
3.395519783026956340e+00 1.154893843929487296e-01 4.871030482652305982e-01
3.360596768429854997e+00 1.420911210560557580e-01 6.456397694110861396e-01
3.405692919295801424e+00 1.587507563000009336e-01 6.979987280304269515e-01
3.561065856693218734e+00 1.241296226524029878e-01 6.713692777303521542e-01
2.885893786632106828e+00 1.648510518871685315e-01 6.461685073572515092e-01
3.101190523904717722e+00 1.457044833662241856e-01 5.575296871599300097e-01
3.271819213989945130e+00 1.726058016803004580e-01 7.598550139809359116e-01
3.360763361371930102e+00 1.303697820409523422e-01 7.812284438464760505e-01
3.792699366567014785e+00 1.092649250589239895e-01 7.269607409656481112e-01
3.465477241615293469e+00 1.301370810164792224e-01 6.501405228446319740e-01
4.081683635728393433e+00 1.834297862825732817e-01 6.348723540189484815e-01
4.044906110132045818e+00 1.209601468790594825e-01 6.118661458148780818e-01
3.082853557460915273e+00 1.765766201085383347e-01 7.054426225924258498e-01
3.437354304348513079e+00 1.922157809345596824e-01 6.528463661528123296e-01
3.465548973888504580e+00 1.742140734227892451e-01 5.822773966459730000e-01
3.903199557146741494e+00 1.083200833541191066e-01 5.713550703452696666e-01
3.248097617469049680e+00 1.835693083480230969e-01 7.498906113549621555e-01
3.780303508804391477e+00 1.590873677853993085e-01 7.643990024180097320e-01
3.567869195583117214e+00 1.230916584378292378e-01 6.884460970585329909e-01
3.556508680000441736e+00 1.230850962863598158e-01 7.108494635133942863e-01
3.569994510383717845e+00 1.482431084712662606e-01 6.601265104559538299e-01
3.654274060791212531e+00 1.129513903172757877e-01 5.726831971278976141e-01
3.165783396242006109e+00 1.148195213191829378e-01 5.564150551721853688e-01
3.280127602766886419e+00 1.078429218007078555e-01 7.685469459976429496e-01
4.051130231231555356e+00 1.173874041727832468e-01 6.811663752246289727e-01
3.939102864408047466e+00 1.711988012440693874e-01 7.522859243288554376e-01
3.495515455010714145e+00 1.207113591545644488e-01 6.128816869804465384e-01
3.412040948256052975e+00 1.575449039849376731e-01 5.320014733088007652e-01
2.984915921916861059e+00 1.374951188659551682e-01 6.740636368406429657e-01
3.721497499799236497e+00 1.496475894953339658e-01 5.337003523044914211e-01
2.960403947436288430e+00 1.633554894763946108e-01 5.910208449354594773e-01
3.803604946929883823e+00 1.253109572605162481e-01 6.820363702920233528e-01
3.235123689405418279e+00 1.539358931138859743e-01 7.151130740902080785e-01
3.394863648093527253e+00 1.517760686151187477e-01 5.014082341527951181e-01
3.716627181197406316e+00 1.628432672913043000e-01 4.879568566504705052e-01
3.825998818000513779e+00 1.709819803974531593e-01 6.671919705026171377e-01
3.544233363922415059e+00 1.189338419209717279e-01 4.986546147618198255e-01
3.787095641101017485e+00 1.499468160138978934e-01 7.788242431199045024e-01
4.143046325018079123e+00 1.450167095448999244e-01 6.142195712108409200e-01
3.840890132107113164e+00 1.381358794879544161e-01 5.521974874134213396e-01
2.821712852291944351e+00 1.402127315958265064e-01 6.604368630091802528e-01
3.663208403186759554e+00 8.946503175662605389e-02 6.570970504690925029e-01
3.535665354651833514e+00 1.222921647709052373e-01 4.494483844389088878e-01
3.020550330466641675e+00 1.399337194587951805e-01 7.180096235910357061e-01
3.915728826122382600e+00 1.264696601398584419e-01 5.931599059691463616e-01
3.673336350976400766e+00 1.214938412786522315e-01 5.562610903456889355e-01
3.774752028960902450e+00 1.380370303528545561e-01 5.896590647349717607e-01
3.225253537250854841e+00 1.308458357172768705e-01 6.237636604131874263e-01
3.623439422751350225e+00 1.514683850228734363e-01 5.850462238275845328e-01
3.972115363788024656e+00 1.242277645545852016e-01 5.447549223711350974e-01
3.653863383535045806e+00 1.475873829321309449e-01 6.070999084325875428e-01
3.816848095052403078e+00 1.374649983600456649e-01 7.544791234283912962e-01
4.122744833958679855e+00 1.322168351988918522e-01 6.545945048833607949e-01
3.914485098499099536e+00 1.449736307769640409e-01 6.138826741240925866e-01
3.183787950168683878e+00 9.978906059559849995e-02 5.658478323381406216e-01
3.222452937422525032e+00 1.165922828049488075e-01 7.126573173533787831e-01
3.728762998716184995e+00 1.380727753889444687e-01 5.955696838809763083e-01
3.546809764797208775e+00 1.570559636436910933e-01 5.974367873615192837e-01
4.016836405399224930e+00 1.718299010068384813e-01 5.123903455086420422e-01
3.381034801390101041e+00 1.719981785732794810e-01 6.056401056773069724e-01
4.349212632375579091e+00 1.538643248506321448e-01 6.276573657057376021e-01
3.641609093832890665e+00 1.614692609920295174e-01 5.802612862666747251e-01
3.839572727782168293e+00 1.316597801115185207e-01 6.862482316022114892e-01
3.669997187864703303e+00 1.722126890089485385e-01 5.295656169059314022e-01
3.135406738252662695e+00 1.436003268231931529e-01 6.166765743480210338e-01
3.986861154939522311e+00 1.604895602276738553e-01 6.437847230027249346e-01
3.571494096370195326e+00 1.159167741996211393e-01 6.991258297210025674e-01
3.599089368646856801e+00 1.296286081581724259e-01 3.875228055846872133e-01
3.293638671160790565e+00 1.475816056401738352e-01 6.948066428484760415e-01
3.426999905748707054e+00 1.629163840848570355e-01 4.706829057504910985e-01
3.761826690716969956e+00 1.088229399040009926e-01 5.894155426136254983e-01
3.269963314812050381e+00 1.473288557867598048e-01 5.289948037989740115e-01
3.603597924413805664e+00 1.211990503704584998e-01 5.558086984228328697e-01
3.314709658797474034e+00 1.225719684123572489e-01 6.441484437993070244e-01
3.220931557338927664e+00 1.460376361929338063e-01 5.972800439046145327e-01
3.301887419007889068e+00 1.248530228145769277e-01 5.015565078003567656e-01
3.487867085288071323e+00 1.529163478105849405e-01 5.474978648205148790e-01
3.771577711743670847e+00 1.168081615459561073e-01 6.317023376654977707e-01
3.879045752714631590e+00 1.571430187032826775e-01 7.221438988659762970e-01
3.149509490014427371e+00 1.199764141168246090e-01 5.892176924542512628e-01
3.749389395388195378e+00 1.223945060756017056e-01 7.353209706308507787e-01
3.435759532003781924e+00 1.393790084969977194e-01 5.435592452975583910e-01
2.938857547805688863e+00 1.411432599397110799e-01 5.470754763751541905e-01
3.195936962200539799e+00 1.534951387970074355e-01 6.453479525835900121e-01
3.380639354137696007e+00 1.297079784126421720e-01 5.677864921680786381e-01
3.590589787550749090e+00 1.747411293297607138e-01 5.301680056024977716e-01
3.819210189610778627e+00 1.652947112788038242e-01 6.056032546896451541e-01
3.911704463119343611e+00 1.179405375471458406e-01 5.419253630525193710e-01
3.545079359851892598e+00 1.327894834003478797e-01 7.186274443785894972e-01
3.669046367174018108e+00 1.181135434992784117e-01 6.925219446020399738e-01
3.806347392696699306e+00 1.232015854216289286e-01 5.944905386253001023e-01
3.275099277779273788e+00 1.285133132383426136e-01 5.259696936009982116e-01
3.444794113771464605e+00 1.649099811786821634e-01 5.272764312813122967e-01
3.956132437867201812e+00 1.182166801199104889e-01 5.956670696907063745e-01
4.017390173984416002e+00 1.641852022661407506e-01 6.909192216967680045e-01
3.497471496850828032e+00 1.781090586961850686e-01 5.785355107934988528e-01
3.771314748354948065e+00 1.346537370156818125e-01 5.065917510159974047e-01
3.915101322848816068e+00 1.474621530213938714e-01 7.613760380299881003e-01
3.623143884578879703e+00 1.430771604620626747e-01 6.548192126314682504e-01
3.843972943419369237e+00 1.190690214341620090e-01 5.556060678795190499e-01
3.521525712338507752e+00 1.423369198286550674e-01 7.896597076178237806e-01
3.892504458995746042e+00 1.129905433457277508e-01 5.268676173143804764e-01
3.527472561265125428e+00 9.308742174291277649e-02 5.922154907104743016e-01
3.657503579442382691e+00 1.250193806871003066e-01 5.980795706650224863e-01
3.477623981103658224e+00 1.202149088197986548e-01 4.418538166756848518e-01
3.278712164172295829e+00 1.480817805615124716e-01 6.049534709660820964e-01
3.610716347514583369e+00 1.621694231476664139e-01 7.177701716858264636e-01
3.983538561032367475e+00 1.348970408029846191e-01 6.683145603660977097e-01
3.546739191915273537e+00 1.328091226343332265e-01 5.785584865106498942e-01
3.284628818240487913e+00 1.480148830933049886e-01 5.611718206107725315e-01
3.358556082784219132e+00 9.844402203052193823e-02 6.309566196861928766e-01
3.601431892338694762e+00 1.126897415824446858e-01 5.259954066262636507e-01
2.939230663945410882e+00 1.685171191350913478e-01 5.806505106713086839e-01
3.130138455433530087e+00 1.664245761148170910e-01 5.127867894552580186e-01
3.706148166910203212e+00 9.596370733996192892e-02 7.094199088920031260e-01
3.433356628646322406e+00 1.187224865527518047e-01 6.332696219487486955e-01
3.757250038301630291e+00 1.436666763428622040e-01 6.882957644645757433e-01
3.696583846941459583e+00 1.408133598492079808e-01 5.305019612686254771e-01
3.282051268927163257e+00 1.043833943154798688e-01 6.599996071078665372e-01
3.214448366328615858e+00 1.533511859428857982e-01 5.634772126516184310e-01
3.507108264381465279e+00 1.071793753708426833e-01 5.707094326372448290e-01
3.721839636395641637e+00 1.760777622338935700e-01 5.885053120251622083e-01
3.608472762519524313e+00 1.625535884912786000e-01 5.379374339269169525e-01
3.657747701597905188e+00 1.841767049439641257e-01 6.984209183237410912e-01
3.562606817796513781e+00 1.051856788535664999e-01 5.283041671500370295e-01
3.578584708027297445e+00 1.483613077646790401e-01 7.433456970014915566e-01
3.348222335876489097e+00 1.508712981180481971e-01 5.175454615538319647e-01
3.532667676752550889e+00 1.397197124771804022e-01 5.234317404964818898e-01
3.532030645945955616e+00 1.543287998508892089e-01 5.153649672811779769e-01
3.268896096666806805e+00 1.044731545276224582e-01 7.253031548078737734e-01
3.456840124622803323e+00 1.037419220963194944e-01 7.670408587180108650e-01
3.691307293779038989e+00 1.355597613861590778e-01 7.560236017768877659e-01
4.125187122421526631e+00 1.462716507435692370e-01 6.928874776345715913e-01
3.980178243026506912e+00 1.662446151504494429e-01 5.773247046241993807e-01
3.798666025771859189e+00 8.477096860495231256e-02 6.857163572739264357e-01
3.131874739460049017e+00 1.176908254799456655e-01 5.331402148914672345e-01
3.333422813732937140e+00 1.521777825330151435e-01 6.914863306893708206e-01
3.604107280833316107e+00 1.551844084397833445e-01 7.808965535890244336e-01
2.972158873809203961e+00 1.609894572775921184e-01 5.965033951710190241e-01
3.564897580438974867e+00 1.237379739316613464e-01 6.703360459162889251e-01
3.098380900163211216e+00 1.242097193459981014e-01 7.516247394814674632e-01
3.185915662755324007e+00 1.630759949758634475e-01 5.746470133502816768e-01
3.551135592070507219e+00 1.774839181171588010e-01 6.860721980173504209e-01
3.578652971299995045e+00 1.776387581193957232e-01 7.208012323129567855e-01
3.390684249896423808e+00 1.349887168592228126e-01 5.126190094054497992e-01
3.533352971787162122e+00 1.207931451140873136e-01 6.927941492749785102e-01
3.445960110317143776e+00 1.401984623660883222e-01 7.641959105764815074e-01
3.931496972233132325e+00 1.062098080400250694e-01 5.959603781086786345e-01
4.148971793513182682e+00 1.303514598686272563e-01 5.389558451639768766e-01
3.475584621515365846e+00 1.532474615569392185e-01 6.932643069010064885e-01
3.758796000934380377e+00 1.716364329624321394e-01 7.523518135158611120e-01
3.807220665372330615e+00 1.583781477161574636e-01 7.243630013392291511e-01
3.690635966199591333e+00 1.281640483600645641e-01 5.806409093853603931e-01
3.791839625860105478e+00 1.071012019095092527e-01 6.403120721856765396e-01
3.454258955881461368e+00 1.381657360562663639e-01 7.344119766105674518e-01
3.641644984264595930e+00 1.394356157108341265e-01 6.762296040630387806e-01
3.640542827335015552e+00 1.177987855534650546e-01 5.825381619458532834e-01
3.804307653602163608e+00 1.253319728256901688e-01 5.030477104387153231e-01
3.788392611655096331e+00 1.326168134252280750e-01 6.092390647133808512e-01
3.602795505802018461e+00 1.930669429685974159e-01 5.780114746217477339e-01
3.224052488481806478e+00 1.177485742830991777e-01 8.120409660911913630e-01
3.870503051289257535e+00 1.488171521904285421e-01 5.607246382293159526e-01
3.264388231228632975e+00 1.171049155981647161e-01 6.519098115968623430e-01
3.570624145647857794e+00 1.863984709016717478e-01 7.408205377110675949e-01
3.850135038956259415e+00 1.579811100313153749e-01 4.667255120041204908e-01
4.077912725413053607e+00 1.638388901199008818e-01 7.001794299532704269e-01
3.615209658495870837e+00 1.715142610804508694e-01 4.187163523155474909e-01
3.061457530029934926e+00 1.226722711414679756e-01 6.278528624352287535e-01
3.275172863913187182e+00 1.307776408767306053e-01 5.223881537820546095e-01
3.480481056358415426e+00 1.525193582212858445e-01 6.294981151580234524e-01
3.408605737370181465e+00 1.056112033042157505e-01 5.087975912433500003e-01
3.351617920700134423e+00 1.181786014233932591e-01 5.302639967779947394e-01
4.005906202584256448e+00 1.124780721135930361e-01 6.025018864740121494e-01
3.783143367134532475e+00 1.632691869242977878e-01 5.622319859075380899e-01
3.754202770852348436e+00 1.143240158858552097e-01 7.389730866875144910e-01
3.809804073919287326e+00 1.383483238066129661e-01 6.708051697914356737e-01
3.613839879238068153e+00 1.170436114417493234e-01 7.794820417423968806e-01
3.800691827998337935e+00 1.560351656859940983e-01 5.218238370586870678e-01
2.984025235026062539e+00 1.404279798452243988e-01 6.567340956402667462e-01
3.816286569569889764e+00 1.124649840071465234e-01 5.756240591761906389e-01
3.619753881631748271e+00 1.257480014822003334e-01 7.907209608456745586e-01
3.310949673924151515e+00 1.373621318917332690e-01 6.804889751168958778e-01
3.428239493617494027e+00 1.521897004045750235e-01 4.994114138237558675e-01
3.265600113666368376e+00 1.703072011085616233e-01 6.235993469179892390e-01
4.027840282169390385e+00 1.397151086988300539e-01 5.549485765192589959e-01
3.778034787959685836e+00 1.902247038816257396e-01 7.387943444191606979e-01
3.207386344099215414e+00 1.569637657009281262e-01 8.206316741404651172e-01
3.691206312650087362e+00 1.556943680869117830e-01 5.690792412224408015e-01
3.071793662073250442e+00 1.324336874788729357e-01 6.663151736910176703e-01
3.233912871444121429e+00 1.248598170673253516e-01 4.641945908487807859e-01
3.605259904829628326e+00 1.493408937268317083e-01 7.024820022069170333e-01
3.487549549298885943e+00 1.339264619481341789e-01 6.000280593922430183e-01
3.136967468797871028e+00 1.240444712574892000e-01 5.912582560145955846e-01
3.541365736171687928e+00 1.036868399534340290e-01 5.314788611239226190e-01
3.663426026525458568e+00 1.598556724961719688e-01 6.160888757316136388e-01
4.071435460016915364e+00 1.337429084804326873e-01 5.131266330549466570e-01
3.837211939791803417e+00 1.228481642230483811e-01 4.702356622305418066e-01
3.498412682933473405e+00 1.046674482097642023e-01 5.556814115091395223e-01
3.653295281727882760e+00 1.180879369297043180e-01 5.919082554507871796e-01
3.683824661317534943e+00 1.725135173394765908e-01 6.408481974761360833e-01
3.108831707347686102e+00 1.296918947182844062e-01 5.135455115228826362e-01
3.067522687813085902e+00 1.558353162715020723e-01 6.694450845972885755e-01
3.492497369431365684e+00 1.739769800958345936e-01 7.186137320040182352e-01
3.356555563547579446e+00 1.578413168258734345e-01 5.328273639500643588e-01
4.090248419297450866e+00 1.261038776117039406e-01 7.693628241746058860e-01
3.418734169855713212e+00 1.393383745805937546e-01 8.481890870193355969e-01
3.488601330855433780e+00 1.078048027271068104e-01 6.579433055395706997e-01
3.900176607441005583e+00 1.666589469088366748e-01 4.537219746715022151e-01
3.967967758547334522e+00 1.583715528676136741e-01 6.788389648851049785e-01
3.358842735714308692e+00 1.682711607329869796e-01 5.392589527344153755e-01
3.915334863077011729e+00 1.475291906314930290e-01 7.495981483663755052e-01
3.214703546370571985e+00 1.170855011301733806e-01 5.378023183016237274e-01
4.006176157654285142e+00 1.416617314331433675e-01 7.303492858958841039e-01
3.769965937863956285e+00 1.373645051380573134e-01 6.468011363592044427e-01
3.537685112490138728e+00 1.686473638966071442e-01 7.848079844611062228e-01
3.585502618513078055e+00 1.691746823650261689e-01 6.330528102595037732e-01
3.629891929373614268e+00 1.234061370274728980e-01 7.380937664921758401e-01
3.872969283958068942e+00 1.515967778128116394e-01 6.147097586688882176e-01
3.791272368554903238e+00 1.381517511349181770e-01 5.825625069821700475e-01
3.563430443852297902e+00 1.179865163939860656e-01 5.542349699887908487e-01
3.290868031516356762e+00 1.533932433149923225e-01 6.982985663092698969e-01
3.484877367300182271e+00 1.822594040338984533e-01 7.647582908925625311e-01
3.402239601684008186e+00 1.444033322960728838e-01 7.665008945103032323e-01
2.918599091192795036e+00 1.185498978306076534e-01 6.672249499411658791e-01
3.126140338554171283e+00 1.494138933439499994e-01 5.304866645526580271e-01
3.654520750381396343e+00 1.099302518824799152e-01 6.616483473529838344e-01
3.777455155815284016e+00 1.449555668015275189e-01 6.007422051132881302e-01
3.211914576994344017e+00 1.052927702741085214e-01 6.163830944715145144e-01
3.678276435859873850e+00 1.325958448194035355e-01 6.448125811193891055e-01
3.428719569909183029e+00 1.073775982271197998e-01 4.699940589007948200e-01
3.091592519328847821e+00 9.979201198906709203e-02 6.574099349525538427e-01
4.115926466348417634e+00 1.507598281180361488e-01 4.601931218425814873e-01
3.225191877298511312e+00 1.529491600571905863e-01 6.263769602260754743e-01
4.048051790863254951e+00 1.328360008053634245e-01 5.615555807053750348e-01
3.787390057064802473e+00 1.462641751455423800e-01 4.621618218211694940e-01
3.994621937868243933e+00 1.049661172693770878e-01 6.252032816153733075e-01
3.505084216607288639e+00 1.138313707916925183e-01 5.724242822823150112e-01
3.296068083155252015e+00 1.511919100323761700e-01 4.435450320465184615e-01
3.059706154731819616e+00 1.528699502769788054e-01 7.488883571619011636e-01
3.364877508110379001e+00 1.598535379759617181e-01 6.967835794359011903e-01
3.544126411403168309e+00 1.281697986498891162e-01 6.947036908063586313e-01
3.026655780967311582e+00 1.135077666082564968e-01 5.420107717412644410e-01
3.880967477421613854e+00 1.100312053242733235e-01 6.992103531876480149e-01
3.652154511541680915e+00 1.155491398347372883e-01 6.784894799721006287e-01
4.158827918236939425e+00 1.289480243086434941e-01 5.819167247575486313e-01
3.888474596413769024e+00 1.120267435656342320e-01 6.540248628933672537e-01
3.717540807977779416e+00 1.510126817228975016e-01 5.780745819897402660e-01
3.338044863252250583e+00 1.323435161444799502e-01 6.692131216817001071e-01
3.672008987006555536e+00 1.592512593571976942e-01 6.933521345819728676e-01
3.604253460454924785e+00 1.545536338714372238e-01 6.336301575459287738e-01
4.031610985609278330e+00 1.439091914606136502e-01 6.948089829757322367e-01
3.083223632140232873e+00 1.292192507337376339e-01 6.766824579637360504e-01
3.842417732991026291e+00 1.269178002018484519e-01 6.480660418659662803e-01
3.811532642134799254e+00 1.532966850326910047e-01 7.401701967439655583e-01
3.697022326471614662e+00 1.167898911533581108e-01 7.034278175429091728e-01
3.925653107577829815e+00 1.235735394607654497e-01 4.943633752070428211e-01
3.413162875302846455e+00 1.266668204604115555e-01 5.226186031410602340e-01
3.620073563866329280e+00 1.148407571663524751e-01 7.120699388355495874e-01
3.558412425752302877e+00 1.607355365564809846e-01 6.591988914128386057e-01
3.789044327610723517e+00 1.122883180856441704e-01 6.841062041631631452e-01
3.189872590430173460e+00 1.167150601909267282e-01 6.584157865660151820e-01
3.205684755115338902e+00 1.245506011417804038e-01 4.645004567546461294e-01
3.576988911537534399e+00 1.672293013428014508e-01 5.822944928123617858e-01
3.848351612234118146e+00 1.554140347491405061e-01 7.221278539923247086e-01
3.617402266212638384e+00 1.201388416287694771e-01 5.098812436300582673e-01
3.322664051011365416e+00 1.321137252673320328e-01 6.233031260568718812e-01
3.118250569688288731e+00 1.716373994198003572e-01 6.950753428831466518e-01
3.617847215092652835e+00 1.474383579303941982e-01 7.287195417072864778e-01
3.324806108173901542e+00 1.375130364786488479e-01 4.908760902974921292e-01
3.817053335719817309e+00 1.357433914473587522e-01 8.177673727458616426e-01
3.813123999913143436e+00 1.479374667564961610e-01 6.969229285501684634e-01
3.771251175058950356e+00 1.486403117006211971e-01 7.903623022108434704e-01
3.239189957146361820e+00 1.371023377268258958e-01 4.937802646400171191e-01
3.711665148479650789e+00 1.865612262731083937e-01 6.025141622861758250e-01
4.224760225397649727e+00 1.269999933569019301e-01 7.031874855995285944e-01
3.455907903247931845e+00 1.429968538103114084e-01 5.688132092947953966e-01
3.375954023676858373e+00 1.282833308664222127e-01 6.875506459690193806e-01
3.397470509062046506e+00 1.591282463612668230e-01 6.936689956950672364e-01
3.410095012429438022e+00 1.443977420406853673e-01 5.472447102020751020e-01
3.493281727935927172e+00 1.761315508063950042e-01 6.532853106642774188e-01
3.468459038101109559e+00 1.086825468019709251e-01 4.743807463609578945e-01
4.022349869102397335e+00 1.740510713564207279e-01 7.368819636385456340e-01
3.735343089733563549e+00 1.289678618802441168e-01 6.722562267982671314e-01
3.527159189265794748e+00 1.453128680130015282e-01 4.990522350181318956e-01
3.827869668055382757e+00 1.899898915887379136e-01 6.828001480578943516e-01
4.006051503367397792e+00 1.319789736656027668e-01 5.183783383577206250e-01
3.670158942089144283e+00 1.206266978106002863e-01 7.166934333816724623e-01
3.508969271618881169e+00 1.481743255349178556e-01 6.869433980460110112e-01
4.027473967982510672e+00 1.246571895349329467e-01 6.081440933782623626e-01
4.164131356095571057e+00 1.641413613842978847e-01 5.812962033201574119e-01
3.134533527457402879e+00 1.156146200192863793e-01 7.728096719789986357e-01
3.494145194400914978e+00 1.076427561154433138e-01 6.732233354607815023e-01
4.054900798306630527e+00 1.235835912049264435e-01 5.758031740107607543e-01
4.030503320868432660e+00 1.564166403651249815e-01 6.884213804027694561e-01
4.002064091101982690e+00 1.404826708355823017e-01 6.662959221762876361e-01
3.714753485977486225e+00 1.201048343539782293e-01 6.377239043482201275e-01
3.530829798659496088e+00 1.039343665454824511e-01 6.795292041566109997e-01
3.543783282719018768e+00 1.198010416079471202e-01 6.496463617445976668e-01
3.666553078181192138e+00 1.485725211261460788e-01 6.062177039470808548e-01
3.947295732577033700e+00 1.280783009301894593e-01 6.908324172198919699e-01
4.181489360572556713e+00 1.463198060845978810e-01 5.585134503117243909e-01
3.922825187940261138e+00 1.420388776625610694e-01 4.474536142800342731e-01
3.838195730655589610e+00 1.067980614494643543e-01 6.134587181670394518e-01
3.819081058691995434e+00 1.199082782995944119e-01 5.815580922198707592e-01
3.755182604075477659e+00 1.629295923933377632e-01 5.024401282932499102e-01
3.397887010155466125e+00 1.489073444261534984e-01 5.146671477526724159e-01
3.277747384439043010e+00 1.669423799757414062e-01 4.559261495567922262e-01
3.837974299907723541e+00 1.289245335445033669e-01 5.183139320817973239e-01
3.959897066015244604e+00 1.558342993525379805e-01 5.807700606487035122e-01
3.448676692995647830e+00 1.594210146850040810e-01 7.474989443652696464e-01
3.987980920771887039e+00 1.167579326498356662e-01 5.078134507494789229e-01
3.690201903677787332e+00 1.449501051872337520e-01 5.655785826168363561e-01
3.728002226642233463e+00 1.321174642567671531e-01 6.693579199477307506e-01
3.517344122247868299e+00 1.378398472432805222e-01 6.472129126890426853e-01
4.108880128310961055e+00 1.469161589747740027e-01 6.544219020591141023e-01
3.541980966302985756e+00 1.548404846120911005e-01 6.441091689605076276e-01
3.614036293783597920e+00 1.428767921046539824e-01 5.440493889038916508e-01
3.717816391041251389e+00 1.150838278626220151e-01 7.891492179831297582e-01
3.692815801525370922e+00 1.479163528847327602e-01 8.296161252533660324e-01
3.345835755553572710e+00 1.432290131092628926e-01 4.631891990021521632e-01
3.729369928235461984e+00 1.297742771860937450e-01 5.758008239316185772e-01
3.210857697676246403e+00 1.564671851987744222e-01 4.438049316034011760e-01
3.802234295071037273e+00 1.701544324395123375e-01 6.737522269441136302e-01
3.438611977904411976e+00 1.482141654784070728e-01 6.701455869173238433e-01
3.529943968818872957e+00 1.760892680787103370e-01 4.397485094569862918e-01
3.159157156849099479e+00 1.539070485747325856e-01 7.002564538837646735e-01
3.762918699984921567e+00 1.319271860997860424e-01 7.565701619315071680e-01
3.799784428807927217e+00 1.752641840671277096e-01 6.890030548257046750e-01
3.629198663358045973e+00 9.995576145944182200e-02 6.775588941298604784e-01
3.930938587617456736e+00 1.116408983979686326e-01 7.342800438650488593e-01
3.281669342107104370e+00 1.618343723063382367e-01 6.776449564849198470e-01
3.941060250573531043e+00 1.192427677972198868e-01 6.219663956693177731e-01
3.524521873091932544e+00 1.332937941138732929e-01 7.160299605972341164e-01
3.053362632438505919e+00 1.677854043362636549e-01 6.413679377826611017e-01
3.006849290414340459e+00 1.097693702837296420e-01 6.868855773129985964e-01
3.601688036938568871e+00 1.307822152005592431e-01 6.124951687477014906e-01
3.572229726388202131e+00 1.493447541016331981e-01 4.782235209758105010e-01
3.826896951274968206e+00 1.203792025078577188e-01 5.993800847133738952e-01
3.606095140392657328e+00 1.423538764004364243e-01 5.779656866953168937e-01
3.772828779981247660e+00 1.389467900550904189e-01 7.352934908829340532e-01
3.444041937425613042e+00 1.351367889266619493e-01 7.700048269039012627e-01
3.927384003432671467e+00 1.096464682534627338e-01 5.429361554379694699e-01
3.297896505995193905e+00 1.486102589219829295e-01 6.899672841080151109e-01
3.684795912958933606e+00 1.722040236458479145e-01 5.347856675611358801e-01
3.478167785163117642e+00 1.272721750433305765e-01 5.143108422038208394e-01
3.530804082564229507e+00 1.898459657404311662e-01 6.484852678254011682e-01
3.373786279854604775e+00 1.428083342126626187e-01 6.134067109883463154e-01
3.324869952334044587e+00 1.274552879305667352e-01 6.225384543357513900e-01
3.935851280223854776e+00 1.229996952641874419e-01 4.777204122929924468e-01
3.303948401382793776e+00 1.624469698699927689e-01 4.776238356112205707e-01
3.056183302347922570e+00 1.774870008685967282e-01 6.061731003502903725e-01
3.679290121253677714e+00 1.444945266553511465e-01 6.148084647924541013e-01
3.357162303773346679e+00 1.022501414500271155e-01 6.236941425669088046e-01
3.744223422157384462e+00 1.410182211463291979e-01 7.132203823787083286e-01
4.002203178762000491e+00 1.320042016693994125e-01 5.465805943200440220e-01
3.648902115988189809e+00 1.554508621044273509e-01 6.515969247412893850e-01
3.269069097638638954e+00 1.509721673725977209e-01 6.364403123377896376e-01
3.373134788108463678e+00 1.155401384887212723e-01 7.668672859573661960e-01
3.373725111417990696e+00 1.433811148579430261e-01 7.158248127667398153e-01
3.194677749464078342e+00 1.790352501471324798e-01 6.549785894015217602e-01
3.307665563253616714e+00 1.221270894251354766e-01 7.596446460504030496e-01
4.168627745670905327e+00 1.420481679873246417e-01 6.592251938689429602e-01
3.437367423675426359e+00 1.601060035353131794e-01 8.133658719225811407e-01
4.111505365598397077e+00 1.739357786028265518e-01 7.006795304382573697e-01
3.730442349380707956e+00 1.631015879775064847e-01 7.313142940185495267e-01
3.875972524664456742e+00 1.202334235167610704e-01 5.561354715301459750e-01
3.124109364896280105e+00 1.386803014012094049e-01 4.835358168966938930e-01
3.171448041227715731e+00 1.745151166841523993e-01 5.595922632914051009e-01
3.426313423720523943e+00 1.362746530234092424e-01 5.471789390288348542e-01
3.521514705169790371e+00 1.101315407140334435e-01 8.013427019849659327e-01
3.577459399698052156e+00 1.467052325692056458e-01 5.944621469467571417e-01
4.232406392376268478e+00 1.246575210421785596e-01 6.887786688932491241e-01
3.415942718528390820e+00 1.359712948886177275e-01 5.612786586515065013e-01
4.010110925878305643e+00 1.145660600386040340e-01 6.113409936057666583e-01
3.372557249314225736e+00 1.361962806233769085e-01 6.932867750511576554e-01
3.629957597327713614e+00 1.674033235370474826e-01 7.225698213783124935e-01
4.069975612705030166e+00 1.089677629875042825e-01 7.341543957813648769e-01
3.371681719320222204e+00 1.750357365535505361e-01 6.103294315333230857e-01
2.997122498268408819e+00 1.505167421867792399e-01 7.770873377330886900e-01
3.228190884328552279e+00 1.457808338375573276e-01 6.867817232983509657e-01
3.660461157545323641e+00 1.557045242604768176e-01 5.701308255270858272e-01
3.282230834034585598e+00 1.223087120672098627e-01 6.154056181303916295e-01
3.856415430320400350e+00 1.327417873863697695e-01 7.206407855430914111e-01
3.250222478195087028e+00 1.317907070078674914e-01 5.648774625797052806e-01
3.081455691176022693e+00 1.328084458695432679e-01 7.557092700530518847e-01
3.683169515502405122e+00 1.275833355518720125e-01 6.127286527064538246e-01
3.619906999856093321e+00 1.315473529384946771e-01 7.217136722441618302e-01
3.432015193295400390e+00 1.269889440912850831e-01 7.126071778365659082e-01
3.154708349636022202e+00 1.151707588318700154e-01 6.008250825933079131e-01
3.642023671163407972e+00 1.436223955519815021e-01 6.880559945207218586e-01
3.644651685740682101e+00 1.061126296369251654e-01 5.721184264148037046e-01
3.933566616089727574e+00 1.578902737963308323e-01 6.643494719491462863e-01
4.047001001817431387e+00 1.375907816398472538e-01 6.079272114244477221e-01
4.248505467447786010e+00 1.127571404198030314e-01 6.153882277058609906e-01
3.194817613001393664e+00 1.307097446958040976e-01 5.078589554694962205e-01
3.992501773332313597e+00 1.545084669988492643e-01 6.486142815345777857e-01
3.469896525392039965e+00 1.500751076647983961e-01 7.791135135127005285e-01
3.526835287078557535e+00 1.518937717536154031e-01 4.936996826308700514e-01
3.587726405551005193e+00 1.482220237849118938e-01 7.905526312730619676e-01
3.957136797215357493e+00 1.414214122864744516e-01 5.809309487406962846e-01
4.109821873895205258e+00 1.454755698915269069e-01 6.786611243828886142e-01
3.807945655574507704e+00 1.469977626274668603e-01 7.644677449458522345e-01
4.015191370659783487e+00 1.472304919194412365e-01 7.355425446683827584e-01
4.225048094968073542e+00 1.359541440721943051e-01 6.054388008400077847e-01
3.572850359305650425e+00 1.249560999949717727e-01 4.921902783643754553e-01
3.633008653561418555e+00 1.313464925366160940e-01 6.372252975899226346e-01
3.409317563590342548e+00 1.364192625684819415e-01 6.605173863026408965e-01
3.502201423316319673e+00 1.266348099951142836e-01 5.933001765877152778e-01
3.842531518730336160e+00 1.096986276847315145e-01 6.278920748066273427e-01
3.268753716907863982e+00 1.408966510919213710e-01 6.470059762751199095e-01
3.085754026492408819e+00 1.417214740698232167e-01 5.675008011032124378e-01
3.276258744212123819e+00 1.188398592488614375e-01 6.280951769052103284e-01
3.799265229603542959e+00 1.735020250510462825e-01 5.487779526566195498e-01
3.933235181882072329e+00 1.531674218780587904e-01 6.020653671941152973e-01
3.701101626830363589e+00 1.349701520441528302e-01 7.023070831089663901e-01
3.621116191558392927e+00 1.265873855317868613e-01 5.881887806104038052e-01
3.633734768729707909e+00 1.591223481780686400e-01 5.919109949850931418e-01
3.706112982320952653e+00 1.524600087371788537e-01 5.770316433648426946e-01
3.536740369114802718e+00 1.310871551827683668e-01 5.928896923165192234e-01
3.456373902103266005e+00 1.669363167154730987e-01 7.105342941466163964e-01
3.821525572494424150e+00 1.266078271671791100e-01 7.210232678232244563e-01
3.247335577009116125e+00 1.303589772764837673e-01 6.416067792029912509e-01
3.623332003823653391e+00 1.204892424864650868e-01 6.313574588605740390e-01
3.074841499099618680e+00 1.539625245498336403e-01 6.608445073359373589e-01
3.547477899747951913e+00 1.353749541636993792e-01 5.768670368204339427e-01
3.626502588799448645e+00 1.396035436094194560e-01 5.265838195341538963e-01
3.540169665111233321e+00 1.370531043877947774e-01 8.650322456849250941e-01
3.356830107495664794e+00 1.589716684062789931e-01 5.998912748633767889e-01
3.776623640146127503e+00 1.287080650202707122e-01 5.173248326143170539e-01
3.677080785280732567e+00 1.405182142479950713e-01 7.495261427588607583e-01
3.058647095459104293e+00 1.624150744285511871e-01 6.546930770261116805e-01
3.617714886026436094e+00 9.962942596514676175e-02 8.087135805493443907e-01
3.504314711409523220e+00 1.374652432248554268e-01 7.746929056726277185e-01
3.619669656074612885e+00 1.342464755220985628e-01 6.545823970317653506e-01
3.686811321879893022e+00 1.175616383210275895e-01 7.114934861261227317e-01
3.620212999464177628e+00 1.476328197038591916e-01 6.036095568762954722e-01
3.122724870017051124e+00 1.547475487893298085e-01 4.811392977767148249e-01
3.758385780470546944e+00 1.181554101312993627e-01 5.964782575164498946e-01
3.726925962157503491e+00 9.065051665917386869e-02 5.139963631948865075e-01
3.722091513435870525e+00 1.462079983117882398e-01 6.258107535028241131e-01
3.038050411498721459e+00 1.131525389164306922e-01 6.130019965032159623e-01
3.388773087118480465e+00 1.462647737879358700e-01 5.748778718366021057e-01
4.007411893031746608e+00 1.430918247842137281e-01 7.510305843975604301e-01
3.026716549449042226e+00 1.601705024868345095e-01 4.992184926995768546e-01
3.798106381832919265e+00 1.193029693761504251e-01 6.187943305348405643e-01
4.048937779828577277e+00 1.358332419397147162e-01 6.506789005645071677e-01
4.147655371665063484e+00 1.261983043924010117e-01 6.257642828303028315e-01
3.291355128999181812e+00 1.083593403073258576e-01 6.690619109759304850e-01
3.377580508896766531e+00 1.813189267213422273e-01 6.816859077961855418e-01
3.879315463210100567e+00 1.275885719187856149e-01 6.869151010554470638e-01
3.767946222485031527e+00 1.126059553382483258e-01 5.684097352117014612e-01
3.701171623541879896e+00 1.468981388955885314e-01 7.381107289240929070e-01
3.780441248037217150e+00 1.479123848776733585e-01 5.271886458659506003e-01
4.118890125709092409e+00 1.603892809701297772e-01 6.573451588661654021e-01
3.080755310570042038e+00 1.097384960911841345e-01 5.901435363892126862e-01
3.607623497965974924e+00 1.767767999907812193e-01 6.701907488002070146e-01
3.111060600429525369e+00 1.025335668584710092e-01 5.761000897902303075e-01
3.307905848945432492e+00 1.727403584815254134e-01 6.205290435922083958e-01
3.723858678681183143e+00 1.334114936066378432e-01 6.294822261407942987e-01
3.450025664051940222e+00 1.267374876245519477e-01 7.756298080160878294e-01
3.650897118275925557e+00 1.381708164652290793e-01 7.032190142817217327e-01
3.515641339786896857e+00 1.291502781789119758e-01 6.412678659154826821e-01
3.741365194087406643e+00 1.669769543936431011e-01 5.627533668625713803e-01
3.258478523275262440e+00 1.338826805033533074e-01 6.715335637797432700e-01
3.470732879835611850e+00 1.157701122180171960e-01 5.279805541868950458e-01
3.488054575950108038e+00 1.219263664216827386e-01 8.269457639298569696e-01
3.926081731393603391e+00 1.043582011441160917e-01 7.491054114192114977e-01
3.637186402437542210e+00 1.547191376654274975e-01 5.158494817994518922e-01
3.585246355045447419e+00 1.502049980222957826e-01 5.429022548691235794e-01
3.776320869193445784e+00 1.425315779234571367e-01 6.045348954251001938e-01
2.996916060781070090e+00 1.570548894376979365e-01 6.659880966349484011e-01
3.196826118337428912e+00 1.317474081108066242e-01 6.414349478822917172e-01
4.294158937273218513e+00 1.165288629800897563e-01 6.448656115382228604e-01
3.974950920549964906e+00 1.342821134315723974e-01 4.636367452099699471e-01
3.765972822746152193e+00 1.147565787336072285e-01 6.770174662718184688e-01
3.380363261660213947e+00 1.272722379086059785e-01 5.676034403230838521e-01
3.913962360110090799e+00 1.302729096023967359e-01 7.631769104029425543e-01
3.402476984538497451e+00 1.439691090252094574e-01 5.474898792940504633e-01
2.949058288038790998e+00 1.399806659992117730e-01 7.520788590120374151e-01
3.767499959499270634e+00 1.159165175936678061e-01 7.368072035989359225e-01
3.749393657270033042e+00 1.663159633157139661e-01 5.289441525909762687e-01
3.518545432340652201e+00 1.172029347249782943e-01 7.341856396282340214e-01
3.689671360530736965e+00 1.333179965766209396e-01 6.086825756916380836e-01
3.866509889393170862e+00 1.719428221572495696e-01 7.156082352418642323e-01
3.380431142108261344e+00 1.649552748307040184e-01 6.455777783668826819e-01
3.246055743161766483e+00 1.512199031918231018e-01 7.615772189559716354e-01
3.150855726526802236e+00 1.386571970244015461e-01 7.089364381571814366e-01
3.719578289137536409e+00 1.346989037626460384e-01 4.726666508587828996e-01
3.077377533236758111e+00 1.589755190046376332e-01 7.403076434541066009e-01
3.285601922923259366e+00 1.686777540577225620e-01 5.337952308961035897e-01
3.491135066198598924e+00 1.667863381211111828e-01 5.977291318391623198e-01
3.706618503208771731e+00 1.369329583488025082e-01 4.252745506514078455e-01
3.239665480110238249e+00 1.571778087904106835e-01 4.472263660922803918e-01
3.945403581135115356e+00 1.164732954141985966e-01 5.719335427928702309e-01
3.698439897148494637e+00 1.635067419170171399e-01 5.306555871125233637e-01
3.895470587367145132e+00 1.537541272070928056e-01 5.480050466389065900e-01
3.847598588709438605e+00 1.395628670611612776e-01 6.363133193624389561e-01
4.060753960190239376e+00 1.636195331901321992e-01 5.862658707514502021e-01
3.367752169203372059e+00 1.163503128306803136e-01 6.229482270388768672e-01
3.561970280781320497e+00 1.444699854991639276e-01 6.702832292463666297e-01
3.565710990208380338e+00 1.474073780953470691e-01 4.665742273903024651e-01
3.575353525463113247e+00 1.565146427099070592e-01 5.268911315911342097e-01
3.374351650684177972e+00 1.753312713718142013e-01 6.952636882931735318e-01
3.775367239890986326e+00 1.470565624075781397e-01 4.670987679661968706e-01
3.945489080193099518e+00 1.129581244628090619e-01 7.792543090145486184e-01
3.063705900839622132e+00 1.575194798855024947e-01 6.258226222409430939e-01
3.490372474151680837e+00 1.483994940588128919e-01 5.159929466829593636e-01
3.360345995946841580e+00 1.657152259689097518e-01 7.951249468333766446e-01
4.065151504599683108e+00 1.175169890898549729e-01 5.912831277340671043e-01
3.039162950845029521e+00 1.598228083822095247e-01 5.268003009960783301e-01
3.079703395848318870e+00 1.451785391904234224e-01 6.067062686210201727e-01
3.694730387943109484e+00 1.462967559514472271e-01 5.170806134456858993e-01
3.953011832982703311e+00 1.221145476577407268e-01 6.225792879088939413e-01
4.021032726461977624e+00 1.714662307629002125e-01 5.994250540687489082e-01
3.497861340256639640e+00 1.651205672598932972e-01 5.407420962360769412e-01
3.441042250795607771e+00 1.125261782643310754e-01 5.616330867582142172e-01
3.471187999605833241e+00 1.290803738332468587e-01 5.514597876915743324e-01
3.479562264600523758e+00 1.457691534936711164e-01 6.892405755522991173e-01
3.526753215304268441e+00 1.540681213470936062e-01 6.023645345538856111e-01
3.470159462667696815e+00 1.565134203602024099e-01 7.199792490429863800e-01
4.259006631918010655e+00 1.620696869604072443e-01 5.882977627138175070e-01
3.529202703056163681e+00 1.569670539882720151e-01 6.247935799280914804e-01
3.418770981605147696e+00 1.069418636327443273e-01 6.873139027139486545e-01
3.624594993386281327e+00 1.351045055831736896e-01 5.034943854841049671e-01
3.624427245364556072e+00 1.503049673744179526e-01 5.679865171958896619e-01
3.061046846877662375e+00 1.607278410524633494e-01 6.313234321164463703e-01
3.226781187442299803e+00 1.492093650685490658e-01 6.509719862659604228e-01
3.586676929301164662e+00 1.277815987927373997e-01 6.548604567211997463e-01
4.372656211145699245e+00 1.426262520250191346e-01 6.228188061149489974e-01
3.694652349669320213e+00 1.403026888065934397e-01 6.430746510188097842e-01
3.896116520778660774e+00 1.098634873676055113e-01 6.340257409579702630e-01
3.435704212022343107e+00 1.504122477759994303e-01 7.731517604751900752e-01
3.349159944660528687e+00 1.269530896656694274e-01 5.143239102063464907e-01
4.163163941183918304e+00 1.368963113855090896e-01 5.308253553351246490e-01
3.778767667992571244e+00 1.346049710557609413e-01 4.594438957659610634e-01
3.218159957060593879e+00 1.605633996891463744e-01 7.976146612684443804e-01
3.785275894516897388e+00 1.037496847830440549e-01 6.260979842361623637e-01
3.755162650841638250e+00 1.299160737712598546e-01 6.250593897943875765e-01
3.996862908714556628e+00 1.473224373018545974e-01 5.339867861740894561e-01
4.165147135478655116e+00 1.677114588663510264e-01 5.982623689843549197e-01
3.600345894861937346e+00 1.574074289609399269e-01 6.203481199377388622e-01
3.424076184126243927e+00 1.001824369345366006e-01 7.082780997293086633e-01
3.614666178809721853e+00 1.552020622629097790e-01 6.842899918364784284e-01
3.852298043625787649e+00 1.554309353287004758e-01 6.143376271567120295e-01
3.902597012108938834e+00 1.341881894266221953e-01 7.031913617810220396e-01
3.446579911944607222e+00 1.343565002353165061e-01 7.345441767707314717e-01
3.442503354081341005e+00 1.070656344099092383e-01 7.025290105183172873e-01
3.243891256777719168e+00 1.728642127888354585e-01 5.337625568817019328e-01
3.246623367591012332e+00 1.537771171902880263e-01 6.743497484629676908e-01
3.732743012574796015e+00 1.514850748074905995e-01 7.947933594290510495e-01
3.785906566305015541e+00 1.742131648022514079e-01 5.458725117072276145e-01
3.756890670819967415e+00 1.248524493033772442e-01 6.320487643141814438e-01
3.447361604853513839e+00 1.749640010951445945e-01 5.690494700421218077e-01
3.717358507182744631e+00 1.334366529386368516e-01 6.464755533059944881e-01
3.745245732211526235e+00 1.487712669777719876e-01 7.172509073990058770e-01
3.903466558557581401e+00 1.415193125176176792e-01 6.714220861205355551e-01
3.987358275404386809e+00 1.650193946456189609e-01 6.191756024422263582e-01
3.841439032912418394e+00 1.581113359889616821e-01 7.614953119166032458e-01
3.482328553769955537e+00 1.159263461131599254e-01 4.999533336962347363e-01
3.644637203869756537e+00 1.644223025830443274e-01 6.283426607976485556e-01
3.128230819046350586e+00 1.499104496605436487e-01 8.220514299838053152e-01
3.603622128089547516e+00 1.851006636081581613e-01 6.398357189023788916e-01
4.118606465823663854e+00 1.729526586211506123e-01 6.380767115685980206e-01
3.642110266720760769e+00 1.467687889335996532e-01 7.212694859306255646e-01
3.989942661292089188e+00 1.608064369035220043e-01 5.027533558986353457e-01
3.515662138206716136e+00 1.413859329335376003e-01 6.372577695590357916e-01
3.610462201880566546e+00 1.356576749528325132e-01 6.346734652614274275e-01
3.959258674997972793e+00 1.564339013372800236e-01 5.900130202731009854e-01
3.601348875591058096e+00 1.237391126020487286e-01 5.683570268847644158e-01
3.334341789660252964e+00 1.833109190280443612e-01 6.913973989138878506e-01
4.062960937696090014e+00 1.370040542311993237e-01 5.307381382753185717e-01
3.915638081896539280e+00 1.421136217604912211e-01 6.979232043275936936e-01
3.799537107536874014e+00 1.442305146857244258e-01 6.384312995678039782e-01
3.686801869736527681e+00 1.454094003263869395e-01 6.975425741686854808e-01
3.473400541964770660e+00 1.479990045814629784e-01 7.370733931851924936e-01
3.443367734247748224e+00 1.768196627613459193e-01 5.776655836333602911e-01
3.961497685968116578e+00 1.265775697511901110e-01 4.522878718756451755e-01
3.811846375501562800e+00 1.384615304859633800e-01 7.367078872215648833e-01
3.614241790670270404e+00 1.396198296391465976e-01 7.924129060756157639e-01
3.998455297011790588e+00 1.246308479384479057e-01 6.770208888242030820e-01
4.180677821009759931e+00 1.472459322996374775e-01 5.266644449622321922e-01
3.454978711762712873e+00 1.101641426856073830e-01 5.371549796026749979e-01
3.773262255973530710e+00 1.400275726577331625e-01 5.486417702112547090e-01
3.729411474728495879e+00 1.685224163031732725e-01 6.285411013003611158e-01
3.875584091251167429e+00 1.388631158738969917e-01 6.459773306482555766e-01
3.837397646368899906e+00 1.350461192605821592e-01 7.920249081235446464e-01
3.550757802519456163e+00 1.003707045114055896e-01 5.988676402006024579e-01
3.273277835305907768e+00 1.389912333212443840e-01 7.417260747792465692e-01
4.002377793844043019e+00 1.510847089642631258e-01 4.896955806109929421e-01
3.073843704517142505e+00 1.646866230779957252e-01 7.728477827247077769e-01
3.762522714044602257e+00 1.111304360727563278e-01 5.088068705610533371e-01
4.193660165015658414e+00 1.465776987905840212e-01 7.735238024268779045e-01
3.498048992079314523e+00 1.369487822800722621e-01 7.009178729409502040e-01
3.580751349880013201e+00 1.795596287299451865e-01 6.203727123951013889e-01
3.489518174167957287e+00 1.197374690384329643e-01 5.315057238625272573e-01
3.578162704272569883e+00 1.235679007754205833e-01 5.978279998998199396e-01
4.302001279747726059e+00 1.528883087734887458e-01 6.605516334583581006e-01
4.074386194617908963e+00 1.379657932049560554e-01 8.034192945381828377e-01
3.287875658598018447e+00 1.240056613232349420e-01 8.337798713456122668e-01
3.012543050544467693e+00 1.299571811984278347e-01 6.530639749876022693e-01
3.534551107762998079e+00 1.332501744786474263e-01 6.074144518229871448e-01
3.156617150365879088e+00 1.310768456868053600e-01 6.516804197437874313e-01
3.637755932014407723e+00 1.509776479599421184e-01 6.160381628115778607e-01
3.409676142285755773e+00 1.090107409810370104e-01 7.197876658420419016e-01
3.468846442502756755e+00 1.446556572967108156e-01 4.703197490445688578e-01
3.411180251895732596e+00 1.488785140614048708e-01 7.445067035529749910e-01
3.588607686297488719e+00 1.345529476230862553e-01 4.975178511227434930e-01
3.438985055442933536e+00 1.416628659651786026e-01 6.737348714264221883e-01
3.885258365223198673e+00 1.319108370414216747e-01 8.004233306779785506e-01
4.257747616732661555e+00 1.493378753589903463e-01 6.387469038168046565e-01
3.251935546407684452e+00 1.635639905477829226e-01 6.163088161730486680e-01
3.106627102087311076e+00 1.377113749722986002e-01 5.197772597958484342e-01
3.736403707274143837e+00 1.218246321341510258e-01 7.569089423054010668e-01
3.765010323425821426e+00 1.273325381578361004e-01 5.218667225962929646e-01
3.640840239106432730e+00 1.430264703368738788e-01 6.119364178669747245e-01
3.890326738680158325e+00 1.199262881031239458e-01 7.566292131734687620e-01
3.642990049882312675e+00 1.632461365443236001e-01 7.877339755094148188e-01
3.746065333871233083e+00 1.873772403428389244e-01 6.244757173179305010e-01
3.017407153834779976e+00 1.291096098864852049e-01 6.143187092483081146e-01
3.317166456158336718e+00 1.391558033141752915e-01 6.897909705921928536e-01
3.419663330132885370e+00 1.434686011540178274e-01 6.028469077618049399e-01
3.661934324540268015e+00 8.926309057722424389e-02 5.970231817730584645e-01
3.119675538176552188e+00 1.305300950638559887e-01 5.627208176165762188e-01
3.549884495968636422e+00 1.442685130416005990e-01 4.557558784394089568e-01
3.284674016167887345e+00 1.463320906081886086e-01 7.452370500508415097e-01
2.917921600661374626e+00 1.319272509950857875e-01 5.153037679405304550e-01
3.686000565626351921e+00 1.711049312230890074e-01 4.776846027151917529e-01
3.486286980155728799e+00 1.531501954429235202e-01 6.079041886493407043e-01
4.046435483206964889e+00 1.848325562761214957e-01 5.927997799875674989e-01
3.174816767847316701e+00 1.843726777230342562e-01 5.355791563695754265e-01
3.164477881866406328e+00 1.726139311428000200e-01 5.897262926579012188e-01
3.657409374209075192e+00 1.540031737976559068e-01 6.944879338424517767e-01
4.172698576092390255e+00 1.178052768956273089e-01 6.476687742187784425e-01
3.537707503977447931e+00 1.686117514362526770e-01 4.838485434463369317e-01
3.308833631596063807e+00 1.590229666298736966e-01 6.469474747672845361e-01
3.636413804097140989e+00 8.766697922188514125e-02 5.560428338142314741e-01
3.616046230797868244e+00 1.421095403111318767e-01 6.562430074544258751e-01
3.378837689358042962e+00 1.674796419231179001e-01 6.130542313905215090e-01
3.322348159965571313e+00 1.553584148041284030e-01 5.733142385414567999e-01
3.326900863300817690e+00 1.407695726650320112e-01 5.681950576453340673e-01
4.150169946166668566e+00 1.570803620980679161e-01 5.610247171888846918e-01
3.506711224886418954e+00 1.471085684410829708e-01 5.948841430876506964e-01
3.623480745116000268e+00 1.573802746408937969e-01 5.233007424370077487e-01
3.388424427390368532e+00 9.214290200516724039e-02 5.724274083215821207e-01
3.457955431691606130e+00 1.169324797703658603e-01 7.820039625863592914e-01
3.710041972404705568e+00 1.597035299088385985e-01 3.995775540738244480e-01
3.621732597052243818e+00 1.703679146316363080e-01 7.774250209083130025e-01
3.531145774913779789e+00 1.544829042807107089e-01 6.741782319718973016e-01
3.706999151452742502e+00 1.409291465127918419e-01 5.269301831802644109e-01
3.951694442573368438e+00 1.126507920917202560e-01 6.659223510267432422e-01
3.857139036009493260e+00 1.205831427713384002e-01 7.667678966596511714e-01
3.788105299693164341e+00 9.883247585191587414e-02 5.459186025898626893e-01
3.577596142574150040e+00 1.460445990231458990e-01 3.783872559005617697e-01
3.517883670385129946e+00 1.411466260635518832e-01 6.713318167832902361e-01
3.696896200911753194e+00 1.497790647145880172e-01 7.025727782967168267e-01
2.985317801303832841e+00 1.161853065831880694e-01 6.618193772291347532e-01
4.018753407947933454e+00 1.449618021558011505e-01 6.935757754649232165e-01
3.523190895635371689e+00 1.645166094746534913e-01 5.705925749155751348e-01
3.230250037700609589e+00 1.432025057821187664e-01 7.532450499934275623e-01
3.128411014412771252e+00 1.291586814356649460e-01 5.353070534643378231e-01
3.141099263291186272e+00 1.358372141200616945e-01 6.441760328122289048e-01
3.825758199322061959e+00 1.373398619903186402e-01 6.487449251380136284e-01
4.023579867471439364e+00 1.099183350682453736e-01 7.881345198080179637e-01
3.811171624807062397e+00 1.454964300016853285e-01 5.902390048553941559e-01
3.566446011975937136e+00 1.091286226020084377e-01 6.115021335160999438e-01
3.414107422409982995e+00 1.016683280396216416e-01 5.716753276681747487e-01
3.778244825224149839e+00 1.337387889158743737e-01 7.871055559330073503e-01
3.802716688913253762e+00 1.589770355868197482e-01 8.472719959986296789e-01
3.476824938584821556e+00 1.557205638459749075e-01 4.714265281378566819e-01
3.832769391851833962e+00 1.920821351174425429e-01 6.279185249712974093e-01
3.158909350254214932e+00 1.431899742685257271e-01 6.874011578719738669e-01
3.893417482137707442e+00 1.553949788988414349e-01 6.676643024406447857e-01
3.778324161061066722e+00 1.420863880503932530e-01 6.144844936631440602e-01
3.551977260364590272e+00 1.280053635394086953e-01 7.993928891895283328e-01
3.714038248797031372e+00 1.698954229591203013e-01 7.303907236759465960e-01
3.710466142559143421e+00 1.041471378638348516e-01 4.852921876972806636e-01
3.453000450185020664e+00 1.134170609842374000e-01 5.890110167767002025e-01
3.900385127492482340e+00 1.700660535852675237e-01 4.810774486156877972e-01
3.626418876623368259e+00 1.191143299171012471e-01 6.750876266568583972e-01
3.745455738161881598e+00 1.667173106703534469e-01 5.628111873578067748e-01
3.164131099236329625e+00 1.617811032354671275e-01 7.839400264124241069e-01
