3.758321493242565925e+00 1.803099530703235753e-01 6.527345627437847186e-01
4.021785114821085472e+00 2.129857496671831718e-01 6.772609857670622846e-01
3.978163770198456461e+00 1.524848976027479708e-01 6.892790496784442222e-01
4.082634910265838357e+00 1.567424586649614482e-01 7.213509570424592177e-01
3.972844930483112158e+00 7.208373247478641610e-02 6.612294264653115761e-01
3.872127726456207064e+00 2.048710457755595071e-01 6.316222281175833952e-01
4.147426997120689407e+00 1.224704777600216649e-01 6.072920194671269645e-01
3.878846561441611662e+00 9.927017179603817021e-02 7.973514541942237077e-01
4.279463359089341168e+00 1.723413860944495446e-01 7.347133198853638136e-01
3.691821052397192826e+00 2.138561105915575689e-01 6.482046337152113091e-01
4.086049349770279449e+00 1.796720623857821497e-01 7.521772315351870075e-01
3.969830845354843873e+00 1.914211699638890818e-01 7.722571356402625486e-01
4.219570691888216984e+00 1.442108563616701089e-01 7.208199803020262086e-01
4.058587481878818792e+00 1.029832215753228586e-01 6.743853210073469384e-01
3.918856149595150828e+00 2.129856912449920037e-01 7.469935476545677133e-01
4.150400646750786571e+00 2.099588594872716096e-01 6.929263878754610140e-01
4.115967049805488109e+00 1.348697871116078806e-01 6.268025330208119028e-01
3.795489147955343867e+00 1.255846933915202301e-01 7.374167246000811193e-01
3.881938909498893864e+00 2.133475472643802939e-01 6.770031800157015889e-01
4.014405497810878742e+00 1.818365320116259176e-01 6.056954690641361827e-01
3.997495705251069342e+00 1.840345228775964459e-01 7.682424795039800580e-01
3.951316770297457648e+00 1.680554459915325205e-01 7.010142080240350237e-01
3.899109671663209209e+00 1.467175817387978143e-01 7.038293559998991533e-01
4.267306574472708114e+00 1.864393532938825593e-01 6.199778040582041294e-01
4.097551112415611207e+00 1.818400850204839048e-01 6.953807769099646929e-01
3.838816317060134597e+00 2.286951200479295510e-01 6.840746330232609917e-01
4.069564942327303925e+00 1.794044383334888748e-01 6.358316370041712240e-01
3.767594371294113564e+00 1.063150798044147777e-01 7.898425785372840124e-01
3.942121022687238519e+00 1.874547714908041396e-01 7.433007162367976095e-01
3.789093606554483795e+00 1.384477183517286436e-01 6.223090692988814121e-01
4.221005990496335514e+00 1.989295200789468476e-01 7.270136822105301988e-01
3.848660365960166363e+00 2.032228935252766988e-01 7.673850556272230339e-01
4.083531684971097420e+00 1.774853365069595512e-01 7.389852452721327181e-01
3.884522079355650526e+00 1.789861875482358367e-01 7.124946590015882597e-01
3.955517086173563346e+00 1.178303135778870081e-01 7.382275580041071095e-01
3.831301104170592886e+00 1.244722817996921777e-01 6.864715598534650853e-01
4.018808500752117929e+00 2.191836099536626781e-01 7.445274098911703886e-01
4.021709926917241162e+00 1.984024307541370213e-01 7.285491562227798257e-01
4.114566796755186218e+00 2.110636887653816740e-01 6.571053366821228980e-01
3.854346408586010853e+00 2.244457572646985921e-01 6.806420063612889093e-01
4.204966300871738838e+00 2.360157971982033143e-01 6.721690244382693136e-01
4.200365158292096446e+00 1.448146017553299525e-01 6.214241037013897850e-01
4.011506629719719719e+00 2.158825328951542166e-01 7.010069226128692321e-01
3.833908182045581370e+00 1.717208821000235086e-01 7.451670787560203957e-01
4.020356885775589362e+00 1.135747437113726055e-01 8.261255179521511671e-01
3.882012270135573928e+00 1.900062604179335868e-01 6.042745393830016853e-01
4.193690343885174698e+00 2.078058591300515345e-01 6.632243312528601775e-01
4.004094828734365841e+00 1.215564342436346867e-01 7.714563034484974713e-01
4.091652775990954893e+00 1.192440981595683791e-01 6.023678603762255834e-01
3.961651865860481792e+00 9.951229690495798363e-02 6.783309476310128705e-01
3.974435969762044607e+00 1.515256868755991970e-01 6.000435247725341981e-01
4.357293502390195528e+00 1.721467827366554015e-01 7.052021803618767626e-01
3.788789183111310077e+00 1.393524653574221006e-01 7.272383937105754148e-01
4.231390008960465465e+00 1.452290784356122244e-01 7.647027662645820012e-01
3.762989681160073818e+00 1.700656745408047621e-01 6.871910525634411515e-01
3.810068384566799526e+00 1.699771078459820506e-01 7.253029702948639024e-01
4.106409723764246067e+00 8.978164099804536447e-02 7.317074181575248248e-01
4.053173562612908398e+00 2.290246872332206141e-01 6.826488209158775300e-01
3.791762600405772954e+00 1.485762087981732371e-01 7.075579919721539657e-01
3.998289431340454225e+00 1.960524215013852434e-01 5.695544680744607513e-01
4.089089368355173448e+00 1.685377449682801398e-01 7.203399426802318262e-01
3.857774939136436654e+00 1.566970813924003225e-01 6.397244039718659181e-01
4.066392733458397579e+00 1.978430529807866378e-01 7.257615627802672664e-01
3.864032008853117706e+00 1.766271062262238789e-01 6.467386120906125635e-01
4.132181706657350517e+00 1.544018725615982357e-01 6.569994553428726292e-01
4.142554330558789744e+00 2.520232168396036587e-01 7.597136133371048539e-01
3.951490595833083930e+00 1.236390579911116616e-01 8.106373293158191107e-01
3.823939932146494414e+00 9.657570191658355896e-02 6.998613564295201872e-01
4.037825198295043272e+00 1.427040409853954639e-01 7.504879079036138601e-01
4.074501406121298075e+00 1.307202497660913398e-01 6.580033058447769534e-01
4.038166689099252693e+00 1.822556552467400059e-01 6.501927317540545648e-01
4.188470630352295387e+00 1.587426840241853154e-01 6.936617929719119946e-01
3.961007579777356291e+00 7.883192911422133575e-02 6.390236119914479707e-01
3.853917295949479627e+00 2.392043570373069139e-01 6.752677137052840450e-01
4.015925695228769854e+00 1.868562101873219583e-01 6.250085163804635080e-01
4.108338081016924548e+00 2.277013897820092392e-01 6.629937523895133022e-01
4.080199656500590244e+00 1.228352091886644876e-01 6.562216906251931992e-01
3.995837935042696909e+00 2.343917811255884498e-01 7.548022623456355218e-01
4.003926288867263317e+00 1.516485356546490026e-01 6.494774825839758625e-01
4.080227709105709089e+00 1.555023127369459246e-01 6.881609081218106327e-01
4.066818588341204688e+00 2.076826293959059544e-01 6.523367759275227051e-01
4.226780743273433671e+00 1.514646662339287075e-01 6.734726881313494173e-01
4.350365602026136536e+00 1.410972405422736276e-01 6.872334156476526124e-01
3.993490932634713886e+00 2.000284525401521130e-01 7.700658190938058922e-01
3.977228654790682327e+00 1.072205090182026116e-01 8.230793793288699867e-01
3.753362892726353373e+00 1.087685890718291110e-01 7.841393713644704277e-01
4.119302630142600563e+00 1.802844965788518161e-01 7.653851492240819621e-01
3.716901208824436864e+00 1.759041986505504307e-01 6.331039126236901460e-01
4.212598632099741280e+00 1.692277830795511917e-01 6.604330981798509637e-01
3.882783015662153225e+00 2.457068435785070837e-01 6.890357137930132048e-01
4.244435811494949640e+00 1.334053245717798653e-01 6.580014198992952812e-01
3.821800811281015342e+00 1.986940527797817491e-01 7.631213133975263130e-01
4.009086946899509840e+00 1.246955821495799588e-01 6.955211838814310266e-01
3.860148847881763601e+00 1.147719997159885319e-01 7.490586116729281985e-01
3.810634094676933259e+00 1.532850683110806023e-01 6.653485568646897441e-01
4.003055257798755484e+00 1.434476910330529653e-01 6.192016726749477451e-01
3.770179265612356279e+00 2.353786363218633992e-01 7.719562261688956983e-01
3.909895603405889375e+00 1.919145831298818272e-01 6.693846563636243197e-01
3.920057127518180362e+00 1.043908454937642061e-01 6.301129512400220900e-01
4.022030508865884535e+00 1.878456344092138686e-01 7.442188188652840708e-01
4.003581291373730089e+00 1.349418196316357066e-01 7.450568145934665099e-01
4.126042824153617339e+00 1.236949558161098695e-01 5.915683898122160445e-01
4.253155955736683147e+00 1.807524823579430284e-01 6.224174118196237337e-01
4.135564959720869460e+00 1.240558036074089904e-01 7.344722322860264274e-01
4.007863844950755094e+00 1.654068811576618614e-01 6.984590927456596487e-01
4.070832874100902998e+00 1.507577309491304196e-01 7.401949865971354514e-01
3.891324011753231726e+00 1.332282350914474056e-01 7.063174580236927236e-01
4.022058900236995527e+00 1.555118919805064948e-01 6.421672885505637085e-01
3.746274737614359918e+00 1.749167252417082319e-01 6.995393122648349005e-01
3.739120362658764574e+00 1.897195879161651388e-01 7.085121774551872420e-01
4.173987315225455852e+00 1.559766738680254394e-01 7.320995488593489142e-01
3.929249187442477087e+00 9.615339645090299758e-02 7.968215573310737376e-01
3.863267543526382575e+00 1.389464180138458849e-01 6.790596406580566846e-01
3.977173040863861253e+00 1.542739217818960284e-01 5.993711377150596764e-01
3.943382478116480794e+00 1.838424839774809305e-01 7.759028051282556016e-01
4.102143837250335601e+00 1.551124543632300679e-01 7.565142629930023954e-01
3.677866631259939290e+00 1.408274895532178328e-01 6.639222644668714146e-01
3.985585530160625556e+00 2.154819906028979659e-01 7.873044601444012525e-01
3.926752496518473912e+00 2.039770925982088423e-01 6.425308858476298512e-01
4.055495522077414705e+00 1.492553082039433932e-01 7.308439860702242719e-01
3.940218170227502981e+00 1.440763472096348308e-01 7.676623020626427429e-01
4.161201435750381705e+00 2.553156568588536568e-01 7.566374972070916138e-01
4.198348949857318324e+00 8.170624398263535981e-02 7.221636438500814714e-01
4.088122899691592593e+00 1.388453254934301495e-01 7.607296217672766536e-01
4.063599283884173907e+00 1.460248024160256675e-01 7.407149375633389488e-01
3.910060639088492440e+00 1.860771946636306240e-01 7.449094691414176461e-01
3.998933718693972406e+00 1.697023976303977666e-01 6.524010359578163998e-01
4.006113751955608926e+00 1.312644079343483206e-01 6.801794617112805197e-01
3.951920620812683360e+00 2.024105453755102313e-01 6.605566237748353720e-01
4.040853283865231127e+00 1.242843039901347091e-01 7.514263741984272826e-01
4.042639766316267647e+00 1.588004354323364065e-01 7.481622529155544932e-01
4.048008483347999231e+00 1.926161403463123589e-01 6.828379637330233010e-01
3.968151760801051697e+00 1.892096623311700643e-01 6.708583448179852304e-01
4.018375874466953768e+00 1.916768458736679004e-01 6.136867510642807222e-01
3.973782650492486024e+00 1.320624938507495572e-01 7.155659909126786955e-01
3.769015788741369111e+00 1.166443154091905132e-01 6.783843959912193577e-01
3.688054304620125734e+00 1.470860211752295921e-01 6.483096046449532412e-01
3.845143106732146876e+00 1.059049153170992935e-01 7.436059071557189482e-01
3.789028773965311458e+00 2.274762149643113629e-01 7.364003300254434725e-01
4.227701668669360480e+00 2.179901264827544816e-01 7.713611510757368839e-01
4.164673889853359512e+00 1.033146447219033121e-01 8.015562461797753890e-01
4.166842639881481958e+00 2.212421249519590238e-01 7.001873974178104421e-01
4.028141513586426470e+00 1.939323318819876352e-01 7.923120153297584789e-01
4.052900727705137207e+00 1.611281103830020656e-01 6.871646065325894837e-01
4.056140819838851108e+00 8.099536540040595811e-02 6.222583895883642136e-01
4.285342569831862569e+00 1.745721818783066981e-01 5.982818536242997531e-01
3.993791160419084996e+00 2.364608019238089720e-01 7.379902295021566472e-01
3.797329204003180969e+00 1.514823886731600233e-01 6.964242209940295636e-01
3.921923037268576717e+00 1.321466446274398021e-01 6.718444612067329125e-01
4.255498396405678285e+00 1.070200434084827290e-01 6.305932065952117860e-01
4.240603215421296035e+00 1.816815771721452810e-01 7.112085299886067302e-01
4.041919078793164921e+00 2.121229386841749220e-01 6.921913348254923326e-01
3.947389004834124915e+00 1.277722310243331605e-01 7.821469105547670386e-01
3.864494800607926717e+00 1.055829194265159726e-01 7.374873762796372301e-01
4.096688728319855421e+00 1.488117511999944853e-01 6.546061372542697487e-01
4.228793375970874457e+00 1.708573391061788127e-01 6.785838122512701798e-01
3.992345641611629414e+00 8.731267844219113561e-02 5.973666750046464635e-01
3.886817206071472519e+00 1.908432579373537663e-01 6.709210817091353363e-01
3.989537862929798617e+00 1.841896584716003760e-01 7.237262052891166864e-01
4.013783908893423735e+00 1.771997372557913286e-01 7.309688831135383591e-01
4.038822112918935225e+00 1.456368560107987598e-01 7.096717508986429834e-01
4.118827801453451620e+00 1.959293583205465872e-01 6.694558557737180227e-01
3.940910295066079705e+00 2.111523193462299941e-01 6.621496036968401722e-01
3.825099430979025161e+00 2.260814173994046272e-01 6.779504677717963501e-01
3.760591840052450063e+00 1.505996375590270275e-01 7.294622695034184146e-01
4.065567223253772511e+00 1.636057994545283278e-01 6.798881996835266506e-01
4.132327807626756666e+00 1.635770946048065444e-01 7.105003382382782950e-01
3.802834198251851205e+00 1.041480456063591520e-01 7.640215773661858112e-01
4.058146770827586458e+00 1.361467721027666833e-01 6.428018090519225236e-01
3.954538198456775788e+00 1.715400349597197838e-01 7.423772788573845816e-01
4.108304634661945620e+00 1.748994134897895181e-01 7.124215247891692027e-01
3.944957468844461523e+00 1.918705335957890390e-01 6.921978557516348385e-01
4.235683732179308159e+00 1.787626341806916319e-01 7.399570556695855839e-01
3.890100711983090154e+00 1.769567262798801832e-01 6.634609640010435960e-01
3.943803056633942372e+00 1.946862300888169695e-01 6.686810720970077782e-01
3.907622925958038174e+00 1.863426751656516722e-01 6.674897516031171874e-01
4.014649207729026337e+00 2.438776207848308009e-01 7.892245773084756166e-01
4.009902091399879964e+00 2.041077323623887718e-01 7.537625366125105808e-01
3.874556792041247366e+00 2.236106666470495385e-01 6.061181343114185882e-01
4.301841066405990510e+00 1.458140848076564244e-01 7.765589108826813636e-01
3.860171608502674268e+00 1.635734402669618559e-01 7.306699470839614907e-01
3.871384298948299829e+00 2.009634191506474987e-01 6.668239222031239199e-01
4.126234752372757164e+00 1.456686652800638637e-01 8.373768327445307857e-01
4.251533674230955739e+00 1.359157426943407576e-01 6.462482441592661830e-01
4.083816823480796998e+00 1.338629088279137958e-01 6.575745527711663874e-01
3.865465739238257648e+00 1.057702037550645319e-01 6.991064592937673572e-01
3.876849439665147834e+00 1.533677054407530660e-01 7.421422152942545036e-01
4.187398023001025038e+00 1.873288093230893459e-01 7.675864690633327214e-01
3.732654584479561333e+00 1.616936851450972989e-01 7.216802902932327735e-01
3.763079423416214375e+00 1.494087581607717874e-01 7.374012565040759526e-01
3.900651071183242280e+00 1.045439627496133200e-01 7.292063723784995011e-01
4.201705663257123469e+00 1.659191818849711231e-01 7.221139880731494154e-01
3.883821243797174638e+00 2.065991220352241531e-01 6.566741643663569494e-01
3.896397362560348743e+00 1.988449630732001816e-01 6.818795922124412101e-01
3.839643188467736223e+00 1.932512304669017078e-01 6.519975552778919381e-01
3.823763392516852377e+00 2.177223762893820691e-01 6.685980327650283828e-01
3.958529919457119295e+00 1.482121586957407255e-01 6.390671294624662435e-01
3.718786242018841115e+00 1.655708652682455484e-01 7.784555596008742029e-01
4.063898932966940158e+00 1.225431966047059174e-01 6.617023174987277656e-01
4.138677477129204973e+00 2.049360511215593539e-01 6.605207401211058427e-01
3.984828230421185946e+00 1.102623655622821663e-01 7.296145181384440237e-01
3.807696026080667817e+00 2.257851349893529314e-01 7.754831451023980193e-01
3.764000799436325373e+00 1.476521868684643746e-01 8.095353426100626582e-01
4.024457692547931842e+00 1.713630811240227092e-01 7.367952479272642519e-01
4.048212027013850189e+00 2.295562441051122726e-01 7.204947820016051052e-01
3.952966790965452670e+00 1.643063130249528547e-01 7.466540483135359896e-01
3.997953577975001060e+00 1.658788817891308498e-01 7.843066163192891072e-01
3.846734433955733223e+00 1.788519204064309975e-01 7.833752502001176676e-01
3.775280310439913301e+00 2.162902033041774197e-01 7.902833058188014626e-01
3.746290393435752542e+00 1.995442188079655232e-01 7.411726248635669423e-01
3.895393055331019205e+00 2.104654627114727061e-01 7.920075425838539740e-01
4.327759657694603135e+00 1.551888145930689078e-01 6.686634250814657010e-01
4.181607766837142748e+00 1.827293400828263747e-01 6.422139571385394596e-01
3.837582936612153883e+00 9.324262554123037561e-02 7.265746485833164403e-01
4.190400781104389516e+00 1.776223895180500112e-01 7.392692409469562298e-01
4.106980038884580075e+00 1.971534795124829653e-01 7.202235328507636813e-01
4.049186085575700922e+00 1.213200921192099657e-01 7.113743791945340567e-01
3.892935797133940223e+00 1.858259252384396321e-01 7.711611136835544444e-01
3.918702833989103240e+00 2.146152491104994509e-01 6.995429192639652793e-01
4.028504789794320473e+00 8.249343031006217686e-02 7.473043729091300991e-01
4.185613184736620696e+00 1.408002845340987075e-01 7.615454889151203055e-01
4.168337584122393302e+00 1.165399571102157528e-01 7.329467313730769762e-01
3.917795231501024045e+00 2.187216146704051845e-01 7.203679888158086575e-01
4.046954081814265969e+00 8.548145988727409716e-02 6.371252539968409456e-01
3.778895169026911471e+00 1.453784835813842213e-01 7.715066365082815514e-01
3.819301932247162412e+00 2.313195727890658138e-01 7.022313582683288313e-01
3.798790833955073332e+00 1.599738288852516344e-01 7.855885610513021478e-01
4.117661724782893273e+00 2.056596905384860396e-01 6.500125985359398451e-01
4.119399726819574781e+00 1.346462865583780977e-01 6.610671228060479576e-01
4.047113865738882765e+00 2.284244242444507522e-01 6.538749559371803688e-01
4.021981801732503747e+00 1.667641561360010682e-01 7.065563390403430954e-01
3.974499809081171620e+00 1.371487127014327512e-01 6.122584638812076374e-01
4.024720598319292186e+00 1.219676099901139399e-01 6.106129259114609908e-01
3.777700178052045388e+00 1.570349300670845216e-01 6.096699689205860029e-01
4.036302909510670389e+00 2.177439206118947368e-01 6.854675398155403165e-01
4.152230069587560912e+00 9.767574759532632322e-02 6.471233028832694689e-01
3.937475858244113613e+00 1.982795845698110682e-01 7.433304452791521522e-01
3.908389693925041097e+00 9.110520296359078674e-02 7.470769133813154328e-01
3.988876541784124097e+00 1.490201402462956459e-01 7.035048492764334194e-01
4.033412822510054063e+00 2.191884306888473577e-01 6.980255917348526795e-01
4.069920190773973268e+00 1.717652235215616496e-01 6.206671821288090030e-01
3.915740445363979028e+00 1.675694849689106369e-01 5.813176069903632781e-01
4.268841365504792762e+00 1.668955527340887091e-01 7.875275728262738362e-01
3.961201493222812786e+00 1.839131106690009843e-01 7.230709031552222665e-01
3.991293793673182932e+00 1.756644245286666794e-01 7.178719661479774361e-01
3.957208284367578432e+00 2.451937371224139905e-01 6.892287044226838022e-01
3.959231567213314928e+00 1.877990522468688805e-01 7.023868345635949639e-01
3.950788163391471652e+00 1.575601308162194458e-01 7.815077592539464435e-01
4.035419417226419725e+00 1.721591316996400056e-01 7.065439968382756231e-01
4.262905887623227308e+00 1.450659539372884665e-01 6.775232710673526615e-01
3.954066217879559364e+00 1.145737993851250330e-01 7.329870199274702847e-01
3.829504380839058530e+00 1.873494473664452376e-01 5.937117436535052084e-01
4.099905420483083596e+00 1.086978020947009238e-01 6.864251299908368242e-01
4.015826799564477412e+00 2.230352991426818310e-01 6.704810998262615840e-01
4.214493718863661975e+00 1.048532222185315776e-01 7.238017110553112143e-01
4.041097365370189820e+00 2.097205333791030135e-01 6.414450820495364303e-01
3.864015587019807185e+00 1.019926881594250268e-01 6.997361297967438221e-01
4.003424488109989632e+00 1.576042442745313188e-01 7.386845255576216518e-01
4.058184973633590431e+00 1.432843491436228689e-01 6.129334725577263443e-01
4.137632573424082416e+00 1.973222173678018387e-01 7.630513409820771642e-01
3.964066441439513699e+00 1.299710619796808353e-01 7.651883470847156143e-01
3.758284075369394461e+00 2.156538970571672542e-01 6.695327063454545868e-01
3.973253274724112494e+00 1.968752738973020278e-01 7.297303539178215948e-01
3.836627175942236789e+00 1.948872768402944711e-01 5.976196953994077354e-01
3.675559031732817949e+00 1.831088366868546535e-01 6.222757677438675028e-01
3.986465254958442728e+00 1.901452330477784169e-01 7.776680546452685583e-01
3.983365470354046423e+00 2.264111986859018155e-01 6.967496340600248805e-01
3.622553504821954817e+00 1.669148978194801014e-01 6.896429399522251424e-01
3.966469785629972655e+00 1.966486792433527475e-01 7.114924010494645401e-01
4.050212691026949585e+00 1.927482153138428966e-01 6.183687160689975704e-01
3.801318111959341550e+00 1.428739723926996108e-01 7.008718122692200181e-01
3.759232674871308078e+00 2.249576957680761713e-01 7.612489406726224983e-01
4.135611510844263705e+00 1.474216168113292591e-01 7.519264761960757770e-01
3.924061834356199707e+00 1.403537837161634438e-01 6.193369231777506867e-01
3.985736924124199554e+00 1.237164244713015726e-01 6.518322406300337546e-01
4.144577837032224821e+00 2.085089048681347812e-01 6.475104162937646013e-01
3.957372139017943713e+00 1.680755001396108395e-01 7.314243281162841059e-01
4.052176237148655602e+00 1.723130896404137524e-01 7.610800543737669122e-01
3.790268639229767089e+00 8.319461819074847053e-02 6.986640673549667779e-01
4.161648931584637445e+00 2.317716666037533679e-01 6.565012904322204967e-01
4.166706094962682627e+00 1.360410463718590701e-01 6.539988211579385036e-01
3.867248233669227986e+00 2.072736482726131313e-01 8.183767147527205577e-01
3.856856186738950587e+00 2.100976693070661094e-01 6.864367450333715981e-01
4.071000570927427731e+00 1.756258594489995550e-01 7.616091958283001118e-01
4.065335943229627880e+00 2.249937294833062595e-01 7.898915678594509160e-01
4.315033105411545833e+00 2.132450155527270963e-01 7.573421223139632508e-01
4.139456813010088609e+00 1.981782388405789463e-01 7.316100103752536388e-01
4.009002758390780130e+00 2.607271450124554746e-01 6.094954665344054501e-01
3.991969076096254287e+00 1.908457398136571281e-01 6.952469345891260089e-01
4.211436953349492640e+00 2.151549660379191153e-01 7.406539292827124532e-01
4.295836153318751904e+00 1.986361941277693666e-01 7.066733181196694913e-01
4.283468730800255031e+00 1.996390960114357016e-01 6.989318497217069659e-01
3.848787912784010778e+00 1.423087197582531271e-01 6.680331663367193862e-01
3.905745649167377653e+00 1.870712162351070296e-01 6.747815044785715477e-01
3.783237080312395584e+00 1.577374621641912389e-01 7.912136721144802376e-01
4.041620156971677424e+00 1.357378899816082951e-01 6.471717313831598650e-01
4.275408474650403967e+00 1.458091139163446848e-01 7.190599148020789810e-01
4.044808910220266007e+00 2.008412443231059885e-01 6.961870888998645812e-01
3.912870459966041992e+00 6.641279125329242750e-02 7.239067754700023727e-01
4.024497918684758702e+00 1.588257714736894810e-01 6.278697730864604143e-01
4.204820734217477707e+00 1.869767647117411280e-01 7.427113882895085561e-01
3.943973647471860300e+00 2.032288414823329170e-01 6.634049362538106953e-01
4.042307645959323459e+00 1.004490744052887186e-01 7.214834553712946574e-01
4.262339706207128209e+00 1.995369197635684100e-01 7.332707830497988688e-01
3.967087484484848936e+00 1.032681475100078322e-01 7.551261330498342250e-01
4.137997035917759803e+00 2.094229861239728374e-01 6.398387174044073422e-01
4.208543225012744138e+00 1.585922279095227927e-01 6.069792378935287003e-01
3.924948575568593778e+00 2.183928343368297664e-01 7.310543018249409108e-01
4.160634771097285523e+00 2.356288684478707873e-01 7.623246591193606481e-01
3.956393583382563861e+00 1.495371140702140556e-01 6.661933080473614321e-01
3.791730010632937464e+00 1.038612643135083252e-01 7.042607524357040738e-01
3.902601343007191304e+00 1.635452240628423870e-01 7.139996921463572788e-01
3.843707854894546916e+00 1.489274270091785202e-01 7.658604680201548387e-01
3.874769538146320080e+00 1.847265756495531652e-01 5.646715075492348968e-01
3.910109917561841009e+00 1.914343910038875385e-01 5.917181255354773128e-01
3.887063031107707456e+00 2.094712860992304637e-01 7.263881324643151061e-01
4.050046720314212756e+00 2.134203447727161529e-01 7.987805279931530222e-01
3.816726596123909410e+00 2.032348823845646357e-01 6.356237091322235466e-01
3.962265803641463524e+00 1.384080439405614982e-01 7.733421630626805543e-01
3.961932698785890938e+00 1.558370197904705989e-01 7.000909672690150964e-01
4.307779278515468491e+00 2.283459587421866333e-01 7.400321876035921287e-01
3.812023684579755933e+00 2.343354618812917844e-01 7.608927267794165505e-01
3.818929532072676380e+00 2.049699052090245277e-01 6.962363500973958175e-01
4.071902435505979412e+00 1.404394793851048706e-01 7.131180510784563831e-01
4.158067358198893615e+00 2.228729694503726044e-01 6.941992480308613045e-01
3.803976592282963587e+00 1.852768358934311910e-01 6.791787034181657745e-01
3.777467334876405847e+00 1.533861986324087101e-01 6.442653098559066871e-01
3.959615214263184857e+00 1.810336333004264331e-01 7.736525209395080926e-01
3.886301990019130237e+00 1.827155958248582457e-01 6.876429157262954339e-01
3.949093279464370720e+00 1.705095123627410614e-01 7.497567567741494354e-01
4.062302303788484892e+00 1.401787071052882638e-01 7.371728169878803971e-01
3.884651508290930533e+00 1.462381692193232552e-01 8.327604458270801979e-01
4.103207873858957910e+00 1.971625108809880733e-01 7.380792023115215761e-01
3.809544729601547441e+00 1.572776829388931041e-01 6.943868468964600194e-01
3.843060936693381890e+00 8.663787414260608333e-02 6.632718513035491537e-01
4.092032652948995874e+00 1.550179601286953424e-01 7.333788788622356281e-01
4.003213629226165082e+00 1.752154777818377418e-01 6.596358800031806302e-01
3.805336800082761872e+00 1.092699522255390215e-01 7.221974354617981540e-01
4.223398237353335638e+00 1.626832790321907640e-01 6.871014023207118182e-01
3.721382062423876036e+00 2.022350829356048540e-01 6.266684121981842548e-01
3.965447596641704653e+00 1.352025745465272877e-01 7.131720746593849247e-01
4.036685686252314831e+00 1.651592741914658380e-01 7.247670758293860427e-01
4.104825464251537603e+00 1.346249682276746962e-01 6.384927112452193354e-01
4.069798329789555247e+00 1.681647045978811872e-01 7.049634805304412222e-01
3.932947174055970052e+00 1.896263307155153788e-01 7.584178319448017236e-01
4.021500216084694657e+00 1.309652148680248152e-01 6.905159342798562472e-01
3.938703752589732598e+00 1.192357841366784021e-01 7.166472816026961956e-01
4.203500761190220203e+00 1.312938215354683136e-01 6.414337037042755485e-01
3.829825725621223143e+00 1.114630130604541414e-01 6.791202137405334405e-01
3.880899998640918724e+00 1.420429593247830302e-01 6.734921503907763674e-01
4.109420266882510830e+00 1.019143025372648698e-01 7.206705366680606906e-01
3.754281457297696356e+00 1.491544474511520280e-01 6.091716655535596159e-01
3.951719138722765035e+00 1.521583174430140850e-01 8.229716672747136030e-01
3.844920399631273078e+00 2.207170253276699301e-01 7.415083469329639687e-01
3.911657590824971997e+00 1.247630297133565380e-01 5.971433420175109585e-01
4.180914495299727918e+00 1.312954900738602659e-01 7.002186648785850842e-01
3.969518753707799608e+00 1.662495895826223702e-01 7.216496166812251811e-01
3.906678425384430664e+00 1.630133724939846207e-01 7.747775686780167259e-01
4.116532253058649893e+00 1.983764215536762132e-01 6.778027753300098768e-01
4.227093321150393379e+00 2.175765003111094775e-01 7.666643982112105737e-01
3.973495251586744992e+00 9.248367702782946120e-02 6.720320341561235589e-01
4.084632334817010602e+00 1.155021405532430934e-01 5.999397893459670339e-01
4.018117883343091279e+00 1.926605636487589701e-01 7.345619401337133425e-01
4.033870006179065548e+00 2.253757660920718831e-01 7.550167029081498171e-01
4.019307542427144497e+00 1.283199707902651365e-01 6.075358216723569793e-01
3.968402231466864105e+00 2.519258279013085189e-01 7.083284283174804408e-01
4.172137834616902019e+00 2.291364707949363477e-01 6.418623742672646681e-01
3.749485247135670107e+00 1.554663014081602290e-01 6.544720148878105936e-01
4.185479149148942923e+00 2.086668119454523906e-01 6.463825977006378842e-01
4.124234804115999076e+00 2.382635794942494778e-01 6.446139986636630903e-01
3.988147049260633459e+00 1.932140182077924651e-01 7.584905985634442516e-01
4.094766909088492390e+00 1.721727855997995937e-01 5.816713930504053831e-01
3.864020280926050432e+00 1.924863613941431573e-01 6.141022606442279042e-01
3.971045906219607069e+00 2.163646788288230427e-01 7.093465015478794822e-01
3.948639044895114747e+00 2.570407834979184236e-01 6.718349827924740003e-01
4.156840300023321610e+00 1.635310476159012871e-01 7.967771661120788274e-01
3.915744021860360746e+00 1.805777440751640261e-01 7.458829162974471849e-01
3.814589655885635366e+00 1.561461100131066593e-01 7.765111142534512068e-01
4.157023081135314158e+00 2.323741876571165377e-01 6.606525827604451395e-01
3.992511474493522172e+00 1.703036857640592427e-01 7.722789793911706280e-01
3.733322005410807165e+00 1.703034549321938429e-01 7.173770888925395939e-01
4.319066233824607082e+00 1.117624799387062079e-01 7.126568634358196874e-01
3.981997330632224052e+00 1.914340732091186492e-01 6.578832605970816871e-01
4.129065779782896684e+00 2.309012248643415033e-01 7.016639034497312855e-01
4.140856168549022165e+00 1.958644896536015922e-01 6.226924888473336361e-01
4.075642513238625142e+00 1.764418867556594162e-01 8.365422918056301116e-01
3.926801822374982098e+00 1.318578534991564910e-01 6.303146058309608835e-01
3.802714836684062405e+00 1.830173024795510583e-01 6.886044930107672046e-01
3.823010131590093064e+00 1.068677167131489442e-01 7.945931580235973124e-01
4.158336783254549474e+00 1.938465004725376528e-01 7.802777226494477247e-01
3.983612604554739089e+00 1.860517375426336273e-01 7.207922637287099699e-01
3.863845543494314416e+00 2.545990647504896565e-01 6.826465938257842980e-01
4.099692084995622210e+00 1.394887736373335296e-01 7.946183750602920925e-01
3.702277514513460765e+00 1.714521629029636951e-01 6.146579751617249343e-01
3.994391448341904294e+00 2.140914170055813193e-01 6.904565682004875082e-01
4.191395562550288112e+00 1.718346882819846433e-01 6.711078688256008062e-01
4.264110701442685780e+00 1.876253614245165513e-01 7.170911354498352708e-01
3.841720137874574448e+00 1.884778927418777617e-01 7.219994350113565496e-01
3.870287751880443050e+00 2.367563399482778275e-01 6.976730691042186683e-01
3.629631120240025322e+00 1.495501832328682279e-01 6.581562726608565228e-01
4.226833625199569511e+00 1.823383388844584674e-01 6.838811148843978449e-01
4.225405169543958728e+00 2.271219004836674549e-01 7.800262173357316309e-01
3.805242315368021710e+00 1.230445867961536266e-01 7.706205408225382802e-01
4.040482727553817099e+00 1.570351680700849684e-01 8.221022771827702913e-01
3.920525414677303200e+00 1.281032643535082727e-01 7.172794630513805725e-01
4.114931762379996805e+00 1.974081021994202600e-01 7.689970980290148361e-01
4.150123542059269255e+00 1.454338673358344936e-01 7.522023489669148466e-01
4.087504736857547449e+00 1.129222800042813390e-01 7.194434453619404923e-01
3.748678629954909081e+00 1.330226623225157778e-01 6.208842813877957223e-01
4.043548186705813841e+00 1.047264628732267056e-01 6.876455540091296337e-01
3.872236282122528905e+00 1.951558042408924054e-01 7.174220481066267974e-01
3.876475889195652780e+00 1.993204676778476403e-01 7.916158026938669989e-01
3.844574252534032066e+00 1.175868850982732250e-01 7.327207938328516024e-01
3.787004180908659201e+00 2.012314389190994479e-01 6.534081826413730143e-01
3.969922000667119200e+00 1.680164062182350204e-01 7.291203551172168451e-01
4.106256889248488307e+00 1.115174898830998823e-01 7.678859121365498863e-01
4.144421482170034921e+00 1.942667583486790417e-01 7.276918304002263360e-01
3.820408320595428897e+00 1.240905178747337828e-01 7.376011329643872294e-01
3.887905345495286991e+00 2.135077756256970882e-01 6.032486394869065460e-01
4.340822329731681251e+00 1.832472816545102356e-01 7.113713644924180013e-01
4.084744321275608492e+00 1.149200635920979985e-01 6.690098705678615421e-01
4.036140414644243890e+00 1.843708929696815380e-01 6.441297588365492155e-01
3.948549350430598182e+00 1.994559657633354355e-01 7.142871108479397213e-01
3.998284963476434584e+00 1.827103031519528575e-01 7.954986201859668427e-01
3.839653244076547622e+00 1.597823172715755191e-01 7.176262732691147672e-01
4.209558959966468450e+00 1.971616856128554085e-01 7.762031954296848557e-01
4.190494171103969379e+00 1.747236283623443409e-01 6.805045449365820787e-01
4.029056016744639201e+00 1.662306533547326381e-01 7.475043619379307946e-01
4.008588257644928987e+00 9.177821305558536702e-02 6.309725475307959019e-01
4.094752326105945528e+00 2.095130337656059827e-01 6.418862557059832330e-01
3.967626504382838704e+00 1.280955395121186613e-01 6.189019614238117084e-01
4.130013183422557965e+00 1.521684912190086614e-01 7.036152884682840281e-01
4.147273006762769221e+00 2.282591542303923082e-01 7.422080318764909812e-01
4.007787861258210960e+00 1.432420102489178337e-01 5.877974704702321196e-01
4.191996481621226067e+00 1.038935205392177569e-01 6.175673916790516138e-01
3.930086645289792457e+00 1.744958852013728245e-01 7.225616530733504073e-01
4.164150102677385057e+00 2.415607175773179516e-01 7.020485006508722092e-01
4.116677085074081255e+00 1.310360896821244348e-01 7.217076724305587776e-01
4.008142268968651223e+00 1.640388910230608510e-01 7.694220524686898877e-01
4.098164340442954412e+00 1.577862299457357398e-01 7.808470855285938317e-01
4.011842396876782679e+00 1.127938715809647663e-01 6.815559832432827037e-01
4.047628137931954306e+00 1.911487596185295623e-01 5.839424191792362828e-01
4.014760394175477032e+00 1.368942888539010361e-01 7.502902495471035493e-01
3.916786788608744629e+00 1.189247260874221057e-01 6.622664852428229443e-01
4.278704274274630848e+00 2.079725119916051024e-01 6.379435844860475990e-01
4.153369998765008120e+00 9.838043230067507194e-02 6.360090831026944391e-01
4.047565746804044018e+00 1.212208870740637545e-01 5.836321758845131047e-01
4.188992665163342899e+00 1.439583110290436063e-01 6.357952746612047790e-01
3.786767090905840405e+00 2.219873078652633835e-01 7.104309617678845612e-01
3.804715075437177241e+00 1.000368208351653521e-01 7.477248646665859422e-01
4.051196858263078404e+00 2.291279561914493779e-01 7.809577180319301482e-01
3.985436687330341954e+00 1.477559845733342203e-01 7.233622232945469133e-01
4.268201247370184248e+00 2.115450126600061653e-01 6.515494610329843894e-01
4.015080014483811688e+00 2.150846896891575044e-01 7.444643442199917471e-01
3.743272571181442299e+00 1.373059705777539552e-01 7.044325055433023897e-01
4.109883442974949119e+00 2.044390774246951925e-01 7.376648673591307270e-01
4.002924062164050056e+00 1.532140280883471650e-01 5.874110354701318482e-01
4.039535034038606476e+00 1.574529417813177179e-01 6.519576347941156147e-01
3.896840078512686212e+00 1.210026408199238734e-01 8.004005223942206593e-01
3.974755545007708779e+00 1.892313858629018908e-01 7.148439239457673455e-01
3.851877737736634888e+00 1.932469064110667323e-01 6.646624932001827801e-01
3.960090214168323186e+00 1.663272621767699078e-01 6.499120217326729287e-01
4.100657811724324198e+00 7.342581552096935638e-02 6.452838267796596750e-01
3.938568189415387000e+00 1.810332441272808623e-01 7.357738770737721756e-01
3.739083321802520565e+00 1.736019680056933578e-01 7.054448738580600953e-01
4.092096035220638583e+00 1.547472666546000908e-01 7.170156595360575036e-01
3.926083503199178093e+00 2.372613335155478453e-01 7.332739019405327685e-01
3.893514037734014277e+00 9.106918434631672277e-02 7.012031363272341888e-01
3.749146248117561253e+00 2.053509155036944422e-01 7.006570036483745767e-01
4.042694079840709165e+00 1.928891467150007921e-01 7.618172805374686662e-01
4.163039252810801116e+00 1.862688087345625854e-01 6.840144944882085021e-01
3.989390216082723484e+00 1.981289678251607067e-01 6.456801842295070148e-01
4.053588515967104122e+00 1.357163743279140578e-01 7.418715956625709929e-01
3.942361389697579543e+00 2.042014466427636010e-01 7.035243933771820890e-01
4.140451913132968897e+00 1.819737295089726703e-01 8.190820665470273099e-01
4.071964745652747020e+00 9.835789721871189550e-02 7.368596913315591523e-01
3.809318342601331953e+00 1.371858901579832424e-01 7.307644070494749844e-01
4.045148219441097481e+00 1.865567084440440115e-01 7.130947189081857651e-01
4.032301156216946403e+00 8.483737494516919997e-02 6.505269929301394916e-01
4.107669938489206807e+00 2.214669264910643087e-01 6.847208138526547083e-01
4.068066414024326782e+00 1.878833061496457124e-01 7.940821381277459734e-01
4.028333553231304265e+00 2.241192277229314134e-01 6.278643789345387249e-01
3.743209338023260724e+00 2.302707969267424326e-01 6.670355307959575653e-01
4.264376960799813432e+00 1.351007987144636768e-01 7.929136748002916235e-01
3.980030042379650190e+00 1.835534784115994134e-01 7.170975014180899221e-01
3.832458171378964273e+00 1.112679150954037077e-01 6.710883417657145245e-01
4.390899260443788421e+00 1.666527756640267255e-01 6.973418728956329860e-01
3.928193136310850431e+00 1.903636584220567973e-01 5.887382794666519148e-01
3.883152945847960780e+00 1.239297768418748669e-01 6.378647427997077290e-01
4.045167630094919531e+00 1.122815656173299093e-01 7.018888071398619033e-01
3.988263986831867669e+00 2.601195711380471232e-01 7.074850603134953397e-01
3.977811077241114823e+00 2.485242205428023210e-01 7.502568305315866493e-01
4.082952727485936073e+00 1.365410261099334610e-01 7.430935033915285759e-01
4.101367822864062873e+00 1.847466930949470676e-01 7.126112956865120474e-01
4.220955502647814939e+00 9.409036076803103943e-02 7.707609252606497652e-01
4.147464383632391005e+00 9.300744861764131954e-02 7.973077226037710297e-01
3.858288184176638769e+00 1.340291894399831540e-01 8.105166839553399338e-01
4.143788239045447241e+00 1.832858054470876130e-01 7.251661322174026703e-01
3.904861601897454904e+00 1.890560033296419806e-01 7.302946460967552067e-01
4.092597738405951979e+00 1.753508640602903790e-01 6.353706491473712914e-01
4.091540308991832298e+00 2.020969934662695533e-01 6.541327714989746411e-01
3.917614927075284914e+00 2.041019889845608060e-01 7.502414172335902798e-01
4.016721523966604757e+00 8.148040515819925111e-02 7.811853789513928392e-01
4.026692736483856727e+00 2.171886895018123598e-01 6.430266488044741324e-01
3.892426117849059342e+00 1.619062572792151489e-01 5.831810333557057024e-01
4.078972686896628730e+00 1.471050058185598697e-01 7.691496608306389593e-01
4.147564451254316609e+00 1.592678848816566628e-01 7.150432281531914347e-01
3.802172506714232014e+00 1.806407344290859029e-01 7.415133505822366633e-01
3.934871936098194745e+00 2.577321108932429938e-01 7.025378855612173234e-01
4.210044246473318985e+00 1.192843206751690310e-01 7.174458598123432118e-01
3.822990742208436821e+00 1.860360411880390696e-01 7.555749224586862933e-01
4.217702497073306134e+00 1.870954309142860150e-01 7.349951332451374331e-01
3.857320438640167826e+00 1.902605676357403686e-01 7.654248185766858725e-01
3.945318331014858515e+00 2.005374292256165980e-01 6.895354394150183808e-01
4.081652010229692706e+00 2.088369739698929251e-01 6.810186756320598667e-01
3.781953738527226605e+00 1.976831004124932067e-01 7.131269098648443938e-01
4.136511621614685552e+00 1.533603045700021317e-01 7.399883690682695914e-01
3.961566142912190003e+00 2.421294511463632781e-01 6.490306516182153818e-01
3.780652790239960925e+00 2.371175231572545394e-01 7.258539434615685071e-01
3.953729170042912688e+00 7.844938833930911737e-02 6.890685926524244831e-01
3.827676751102267350e+00 2.023171966673668887e-01 7.608498694946165264e-01
4.089261093707532879e+00 1.318429161346899026e-01 7.404237581805634960e-01
3.717227632168737639e+00 1.671191778400424599e-01 7.653852027038787753e-01
4.160117676298368039e+00 1.577534826493251219e-01 6.920105614843548025e-01
4.004193171611826862e+00 1.197773021216154421e-01 6.760411660777005949e-01
3.946377050125068564e+00 1.232893150571446744e-01 6.082880424127811159e-01
4.330143369184706437e+00 1.754464029237328415e-01 6.918780014211495244e-01
4.188710919087471396e+00 1.235735572215637679e-01 6.648286551347045714e-01
3.778555912357599134e+00 1.877121784057881881e-01 6.801597471034246389e-01
4.103745639985378446e+00 1.504848154886472555e-01 6.891593855998908724e-01
3.840782943548039619e+00 1.608716876834278553e-01 6.738718265701166832e-01
4.221762610445705555e+00 1.918509820133615096e-01 7.962729421490815085e-01
4.220935897586814534e+00 1.364304901737166953e-01 6.630276516344477677e-01
3.976700696826664050e+00 2.152020357324192501e-01 6.935777823065041314e-01
3.870244129714869530e+00 1.949802287257420552e-01 6.818163145550449888e-01
4.236504526504399237e+00 1.540914989195235063e-01 6.938710337771032410e-01
4.016124579851048537e+00 8.690924144326289680e-02 6.631263875143087461e-01
4.116615651954699473e+00 2.015614632868544809e-01 6.834372278734001105e-01
3.943326467454527862e+00 1.681463178132957537e-01 7.821463678228127714e-01
4.234623667474431308e+00 1.046398828707212347e-01 6.830613915882846054e-01
3.968836458938592937e+00 9.352009316944080719e-02 7.361545009543500884e-01
4.074115132591592747e+00 2.355126391105843708e-01 7.195085033758435999e-01
3.765748969827864556e+00 1.636033632984569275e-01 7.351697197005575557e-01
3.978032523097243089e+00 8.961700838125291613e-02 7.679206411940552313e-01
3.923384730889767802e+00 2.015866492102546814e-01 7.514169747594142690e-01
4.152734208130508087e+00 1.350028162296932066e-01 7.291333979627198092e-01
3.927213876366842715e+00 1.180628571988611153e-01 6.433820948578674592e-01
3.981425145664062804e+00 2.295609238488576787e-01 7.377297561892208755e-01
4.064253534028980042e+00 2.348455755545069690e-01 7.155998917781405400e-01
3.814733997937787446e+00 1.420848358841585723e-01 7.366744413187276130e-01
3.927788699854663612e+00 2.059945663954303730e-01 6.188619719456511792e-01
3.872367851906647118e+00 1.883812642011224725e-01 6.529070969108645706e-01
3.966873345807654161e+00 1.673366208570360447e-01 7.634782522336288624e-01
4.185651757416081864e+00 2.133362463190688618e-01 6.954209298823036400e-01
4.049722595301530781e+00 1.986870212738055808e-01 6.787483770560536200e-01
4.045383077662368265e+00 1.184991646580789981e-01 6.578451235247607665e-01
4.003949865839276256e+00 1.863020267684500075e-01 6.598576179868440583e-01
3.986830967184801899e+00 1.454511955888717900e-01 6.375733004641542800e-01
3.794104621739069039e+00 1.378801192063211778e-01 7.465891029295537162e-01
4.002827112648559726e+00 1.636035492769225275e-01 6.414454269537686049e-01
3.960281822500819615e+00 1.690789525353066647e-01 7.191670801655850598e-01
3.923648760351532427e+00 1.879636016819787592e-01 7.385225571069855555e-01
4.056144866774040736e+00 1.294229440081030580e-01 7.003918637050591256e-01
3.988137426991814394e+00 1.381235280994613790e-01 5.795304487435916085e-01
4.032664413228486566e+00 1.760492480763653778e-01 7.453254657194443578e-01
4.021336717146276385e+00 1.354001827254063262e-01 6.664908114000296369e-01
4.099247353736332755e+00 2.228474961246510733e-01 7.450722465594619148e-01
4.008816798831964512e+00 1.015452101797324203e-01 7.785586181453733046e-01
4.086031415948580658e+00 1.885056843200555998e-01 6.955037322006356604e-01
4.305131701813837530e+00 2.148054767803359022e-01 7.041499264977770789e-01
4.063082760119424819e+00 1.572883438857483607e-01 5.938175516247989894e-01
4.081447483586610581e+00 1.578801727443215341e-01 7.196798583401232685e-01
3.905771758598419297e+00 1.805149435771516986e-01 6.207092156980130726e-01
4.074214361420096076e+00 1.304527254777041456e-01 6.244735813294659543e-01
3.986761021320173182e+00 1.900216641967315268e-01 6.724724458084863077e-01
3.941510958705019885e+00 1.262071028705858133e-01 7.045347684417524459e-01
3.805015362647722110e+00 1.934608466437054419e-01 6.422524245989433833e-01
4.019967664421523423e+00 2.244803878046602308e-01 7.650451876529564821e-01
3.974554772397588920e+00 1.836458054651903815e-01 7.814969269831539833e-01
4.258351012653634804e+00 1.835199111097747526e-01 7.184629124709881465e-01
4.066788364308577819e+00 1.599924770035947297e-01 7.943905765545621334e-01
3.994234584437299951e+00 1.541933851641621445e-01 7.211731755853891812e-01
3.987874959437724076e+00 1.946531457061737580e-01 7.169092128111544948e-01
4.190043058996400838e+00 1.951037353112664019e-01 7.207113770647420870e-01
4.041012929003060528e+00 1.713672246754348871e-01 6.930336763454694182e-01
3.825411343287886456e+00 1.252573815185600292e-01 6.787653440578661490e-01
3.752669011125885579e+00 1.002642842482810992e-01 7.081965486101102769e-01
3.972196094943780231e+00 2.173372731376924105e-01 6.840834167481304462e-01
4.122136576192012569e+00 1.299171990547472455e-01 7.458807434161341954e-01
4.054872540184056184e+00 1.014469911636238092e-01 6.462985212675680380e-01
4.141422115382296987e+00 1.752235941997102586e-01 7.379505710768881066e-01
3.883140659645822890e+00 1.697952816145368027e-01 7.193218949672973705e-01
3.859382441774746653e+00 2.128659421495193715e-01 6.422069252244043680e-01
4.070477345560945537e+00 2.208559006810268122e-01 5.872256373225546167e-01
4.084750309723375494e+00 1.333579761654200002e-01 8.130336406396972970e-01
3.834729833291260270e+00 1.455622149198166071e-01 6.456935625321481576e-01
4.099787006463403216e+00 1.413909526754308643e-01 7.177637385371744561e-01
4.065625414903334622e+00 2.663625855520683761e-01 7.272137810956166293e-01
4.034806696802274217e+00 1.448254330867562167e-01 6.479876445968957288e-01
3.950277044692283024e+00 2.162412296961027103e-01 7.354497838812655841e-01
4.234715430714491191e+00 1.332408669466529916e-01 7.337281525700035667e-01
3.938145909454738636e+00 2.100852545802229798e-01 7.464834285605300712e-01
4.041344901296540115e+00 1.193025697428582999e-01 7.477163622313924840e-01
3.997610581998580770e+00 1.325924838103835768e-01 7.432037295709779112e-01
4.290009360428241436e+00 1.724835788328193120e-01 6.638932433600380767e-01
3.845603394577205236e+00 1.691862498848298868e-01 5.998135834320046378e-01
4.091557246402218517e+00 9.854499483561272866e-02 6.627246696186130936e-01
3.996473533611646367e+00 1.672550824889226240e-01 7.276924225678305103e-01
4.005510906937547411e+00 1.930876443338550297e-01 6.516701873236354636e-01
4.080797780697531074e+00 1.375070355866576666e-01 6.903757474151795970e-01
4.076171685451699389e+00 2.018852305992249463e-01 8.310821086680233449e-01
3.956761169599662953e+00 2.703799326668664404e-01 6.583360902416099947e-01
4.085686402538041051e+00 1.739853140701421441e-01 6.384882960457537449e-01
3.777347806251678985e+00 1.479563528107927239e-01 7.042479297430845886e-01
3.909301680393782341e+00 1.800251459090748130e-01 6.810787025235187642e-01
4.021670250776393729e+00 2.488006398522168428e-01 6.463282738641399350e-01
3.777920060969487626e+00 2.650388470133865360e-01 6.879223362860459323e-01
3.798839410982009390e+00 1.651761198313457801e-01 7.652397867575989610e-01
4.201486216463075962e+00 1.209875736073421915e-01 7.074489882947225805e-01
4.250745382543017037e+00 1.598005418000921496e-01 6.056291704418221844e-01
4.088953885507986996e+00 2.234466318020327247e-01 7.657460489755755217e-01
3.816583401808022025e+00 2.052784469662502220e-01 7.294599571539965854e-01
4.187821139235545331e+00 2.135724396541597569e-01 6.815185583485487975e-01
4.148130554304580997e+00 1.484916628644540326e-01 7.247583109395270284e-01
4.024675181551460312e+00 1.673706302860901163e-01 7.072429129034333295e-01
3.910405359886263366e+00 1.422209063960633846e-01 7.217487042782178008e-01
4.170301706351379423e+00 9.167144883364991559e-02 6.953118123254294902e-01
4.327206339031033799e+00 2.236539569533967098e-01 7.471773377705813735e-01
4.165048716014103647e+00 2.536589843085363949e-01 7.852383291065219151e-01
3.892356160250608710e+00 1.634851200426316598e-01 7.365626005459514625e-01
3.890352839336003843e+00 2.087320586202398021e-01 5.807173170944184282e-01
4.302140631427961992e+00 1.039039348089180470e-01 7.258366888119631710e-01
4.064895221482196064e+00 1.532781694419873553e-01 7.739637763760884859e-01
4.034821929032825771e+00 2.164817306105686345e-01 6.085351742370836980e-01
4.149068750952057627e+00 1.754913561829612167e-01 5.975551860142455096e-01
4.006172479254677121e+00 2.444091596404156796e-01 6.838685480749181478e-01
3.955455251461158728e+00 1.450865387099913306e-01 6.966862166265694878e-01
3.976081822857551185e+00 8.393061344759111808e-02 7.897630139552844764e-01
3.970546043225403832e+00 1.563900682293360989e-01 7.792991280467542747e-01
4.205258016301440804e+00 1.195309413643718399e-01 6.206699206829328075e-01
4.067391906782312105e+00 8.681575046252457128e-02 7.084372198772380669e-01
4.163550393664416482e+00 1.883304625044127933e-01 7.742420983034410398e-01
3.914687860996085789e+00 2.406225245279562386e-01 6.666100768263740761e-01
3.951222155281169268e+00 2.355295082282740649e-01 7.028771719913345928e-01
4.067681836076572743e+00 1.604228958595823873e-01 6.128773431459696441e-01
3.785501311834978289e+00 8.583628204726238831e-02 6.814804051858638356e-01
3.980564041206301251e+00 1.715911680625636926e-01 8.208317192560605768e-01
4.121740207533678202e+00 1.861538471621561885e-01 6.339865779274272972e-01
3.827622705213789445e+00 2.449688584173098094e-01 7.347838230392355063e-01
4.024270133280721140e+00 9.133735992770894430e-02 6.949883153439713190e-01
4.139616093614964853e+00 2.436966047847573535e-01 6.960300769270286736e-01
3.966557951093529155e+00 1.839082568928694927e-01 6.430396374336126986e-01
3.951172774369098306e+00 1.853750611174891372e-01 6.840804326990194140e-01
3.818183549092322160e+00 1.325377286215908001e-01 7.393845690287991212e-01
4.134181439554744486e+00 1.262858479459705030e-01 7.370729029468686688e-01
4.046933784701369774e+00 2.126269310966675541e-01 6.952344284411815512e-01
3.855774324504228190e+00 1.682670593520767532e-01 7.194918583656865207e-01
3.888874583142825969e+00 1.269809163802166352e-01 6.747480724281977871e-01
3.848817927972298492e+00 2.041191569329411093e-01 6.431867744196773096e-01
3.884699225854417737e+00 1.931544898694057266e-01 6.512427228614950936e-01
4.193729928013273600e+00 2.014922971309256738e-01 7.037058660608854765e-01
4.054755156937347671e+00 9.224446834734245648e-02 6.823880139407992873e-01
4.003866792918600481e+00 1.087774925429524642e-01 7.289506548288923193e-01
4.116092423162279523e+00 2.215039295410594911e-01 7.815684328670127190e-01
4.183829353042114008e+00 1.122463104185352778e-01 6.921997214295394496e-01
3.818925769213578736e+00 1.773467357891457263e-01 7.294333870302505130e-01
3.626401166299449308e+00 1.650778967788988916e-01 7.037430409983284063e-01
4.147484755816101654e+00 8.808325106879867639e-02 6.584624945818740027e-01
3.943692879800781093e+00 1.910342867403561906e-01 7.227983619209426003e-01
3.849257796154304856e+00 1.258664106213000233e-01 6.222709146731812968e-01
3.689245459538792016e+00 1.942231936569484008e-01 6.557758281285788193e-01
3.831116165626251568e+00 1.798220856430369774e-01 6.565733357962777461e-01
4.235144516188022124e+00 1.945025513476267287e-01 6.937421933732141888e-01
4.135564766241475176e+00 1.397156580584925367e-01 5.879626687025446552e-01
3.788701400088794191e+00 1.449247777745878984e-01 7.102681565701266519e-01
4.078038526370234784e+00 2.315018214817555764e-01 7.227669427160969828e-01
4.023908579327696522e+00 1.173555112320518179e-01 6.278731089729716608e-01
3.649627785281621239e+00 1.344290889651175158e-01 6.740440848016113762e-01
3.738964822149695610e+00 1.756547859859820815e-01 6.803379034557777150e-01
4.085850218499546216e+00 1.552303852714396193e-01 7.011523593905468754e-01
4.218130633895216697e+00 2.041302237126499108e-01 7.570804108192642490e-01
4.125553549241760543e+00 2.174717836715334141e-01 6.939276473941450307e-01
3.982056562666174582e+00 1.953054588440455430e-01 7.235549349625922666e-01
4.251646334850089914e+00 1.935477496115007856e-01 7.010600633156325312e-01
4.075831762726489949e+00 1.848601821092571706e-01 7.588537543043016864e-01
3.852494560763275455e+00 1.236308103964130350e-01 7.460172846721964124e-01
4.005857608272629378e+00 1.518797865228244670e-01 6.828945910015347120e-01
4.054248676031691367e+00 9.610035359444635272e-02 6.918927205015980020e-01
3.745272122469837761e+00 1.568403568779009882e-01 6.318554417965926984e-01
3.966285897625137835e+00 2.022883817372878035e-01 8.189893556635381433e-01
4.020737978231585963e+00 1.960160995996618749e-01 6.821278148729024160e-01
3.899086562481190565e+00 1.538837521428996769e-01 6.237310760576356694e-01
3.962795701158275730e+00 1.421731585099069717e-01 6.501682177473465662e-01
4.192140809099528020e+00 1.015026646094124158e-01 6.247619530849933822e-01
3.911632118583257434e+00 1.988986366684953322e-01 6.514302293784735021e-01
3.902737711593353698e+00 1.521612452845326202e-01 7.354322293526629473e-01
3.947256388951949191e+00 2.013997166479304379e-01 6.762259490256885552e-01
4.065609955219604110e+00 7.622095700618693181e-02 7.440362573613056307e-01
4.214512201684155634e+00 2.032580160931238278e-01 7.712332221415985067e-01
4.088568963333847783e+00 1.359820036523121112e-01 7.670882743076796739e-01
4.244739429952016252e+00 1.600811756571122735e-01 6.525757560165039717e-01
3.919591245592310091e+00 1.611850316347060996e-01 7.631436459061323729e-01
3.992532137654329460e+00 1.609102229856538002e-01 5.670599338414634705e-01
4.074895611454620870e+00 2.251185731918822208e-01 7.506280680995954802e-01
4.162700383406582105e+00 1.348289904044658316e-01 7.397274294661546623e-01
3.997820121174411323e+00 2.114175126102250113e-01 7.627187980227266850e-01
4.153325545848590039e+00 1.367490189108022114e-01 6.886446658348802652e-01
3.995442024581306928e+00 1.678046449007975782e-01 6.360639233938391035e-01
4.010490919143095745e+00 1.478428668909310406e-01 7.463863044313342465e-01
3.943786600491422600e+00 1.723572239772563075e-01 7.665713219184440153e-01
3.812100213751925981e+00 1.137961535566918980e-01 7.959144638407071870e-01
3.907049277323335623e+00 1.187168243027413861e-01 6.500565450867131778e-01
3.750262165925175140e+00 1.709278133918162856e-01 7.410829439883579450e-01
4.001751340213495212e+00 1.466115920074547718e-01 7.156427502104445448e-01
4.055907179095745718e+00 1.806698855679923221e-01 6.820969909710863366e-01
4.023395472248778582e+00 1.665239380037640271e-01 6.239856114405362142e-01
4.045336369790122788e+00 1.594456459084926669e-01 7.460105490375924520e-01
3.921060798724633756e+00 2.206403188381035052e-01 7.186109460735462529e-01
4.102851199172245167e+00 9.687483585393055763e-02 6.480373777755414899e-01
4.214635864280878330e+00 7.910184144346928126e-02 7.354499983935690599e-01
4.132842150272615811e+00 1.874417875026696267e-01 7.561968196700061817e-01
3.904211441461761467e+00 2.033337697862787341e-01 6.111855992175788677e-01
3.885715677466861084e+00 2.156348741601957775e-01 7.668988564353946824e-01
3.964141528004056170e+00 1.146372650772598256e-01 8.065372198142316540e-01
3.932409537280887601e+00 2.386768508521902032e-01 6.441909891676207423e-01
3.946347548318537068e+00 1.006395638151692529e-01 6.240048705195553325e-01
4.152430083411807082e+00 1.677527903743558646e-01 6.643400747662532302e-01
4.184565738955405401e+00 1.619211482431714144e-01 7.277855353557785012e-01
3.787898591273084481e+00 1.859638460992910636e-01 6.253462577957746849e-01
3.759462999633112812e+00 1.855788549364146278e-01 6.501099302550249481e-01
4.082698868184718499e+00 1.714299393963862883e-01 7.296234885843752016e-01
4.024887084485055944e+00 1.613671992120784271e-01 7.518964531416362229e-01
3.743413976580941771e+00 1.999568749925625388e-01 7.278923006528225104e-01
3.930332566025358521e+00 2.062093914581250576e-01 6.193196805355599688e-01
3.932713226247099403e+00 1.975895097198339112e-01 7.647250401003656828e-01
4.123773062632737130e+00 2.491992868433520747e-01 6.424528362844481588e-01
3.785167464728970810e+00 1.571023437765514119e-01 6.587907476879717450e-01
4.036434838975496930e+00 1.102202791181275537e-01 7.057191179359911803e-01
4.187546833844939087e+00 9.288470798302700393e-02 7.074462867247649500e-01
3.910317013400557151e+00 1.761284140159589118e-01 6.890474193622408983e-01
3.757227125678920476e+00 2.456635969476264059e-01 7.528472469025953018e-01
4.055072474368265567e+00 1.719107876661345735e-01 7.186707787235948608e-01
4.148827718362830375e+00 1.366713546601718010e-01 6.949324408917806339e-01
3.916995532380324718e+00 1.367248844482027159e-01 7.293466598874488449e-01
4.167480971984705462e+00 1.903146445119827390e-01 7.364519902572101984e-01
3.932671096652573972e+00 1.664910490624176287e-01 6.806984152542963074e-01
3.969209659727737538e+00 1.177224652578414410e-01 6.751270938765696616e-01
3.878572527935892911e+00 1.615784894484998402e-01 7.593391475007440494e-01
3.820930400915389935e+00 1.906334569264485079e-01 6.805318259286979865e-01
3.998137271322184105e+00 1.608668328320384255e-01 7.788965763634916328e-01
4.229436499901817470e+00 1.694835095237702260e-01 6.598255435292790239e-01
3.787546536266676256e+00 1.687958806374004472e-01 5.927281945665089369e-01
4.131521903070591861e+00 1.104008656609373334e-01 6.556994147610308854e-01
3.980285531092540019e+00 1.338543205587642837e-01 7.426653554832286508e-01
3.948731705574123119e+00 2.096680010153852691e-01 8.316706114038919795e-01
3.752143067328597148e+00 1.920365674936169442e-01 6.877535025642809163e-01
4.155073859950203286e+00 1.683831057792930241e-01 7.076438392927485443e-01
4.038857072046876162e+00 1.886126112458132997e-01 7.355692773012688646e-01
3.775042205608318380e+00 2.100745702703030460e-01 7.760269440446424527e-01
3.910302919604862648e+00 1.733622825573044313e-01 6.567905296253161440e-01
3.990984888193127134e+00 1.974701679718665615e-01 6.114310791326273975e-01
4.029949549813973242e+00 1.494696765980625952e-01 7.345735082773404701e-01
4.331421299475171516e+00 1.556709062022671175e-01 6.753230599842771076e-01
4.192456189709262482e+00 1.451070863174807324e-01 7.561384277630547324e-01
4.086599052642923446e+00 2.114395938988031798e-01 6.864191110672737128e-01
4.078245888443907674e+00 1.796005932069503486e-01 7.011729058748561449e-01
4.083646179760646255e+00 1.532112328917490662e-01 7.711750046613700116e-01
3.957690917963803123e+00 8.841086499817828182e-02 6.857884568381565904e-01
4.072939664231387091e+00 1.543084623147008838e-01 6.619804637986477225e-01
4.039523604909539323e+00 1.826620979347559626e-01 7.812579282712577289e-01
3.749540069760166627e+00 1.065060651655355128e-01 7.279539337921011599e-01
3.741132241810438686e+00 1.684183021673832104e-01 7.054819060076261694e-01
3.876509562849147272e+00 8.651698702572716004e-02 7.609843548523007595e-01
3.752456127821726550e+00 2.440663824299619811e-01 6.487645410427805848e-01
4.006155576299311960e+00 1.685407733818279352e-01 8.148487357013280974e-01
4.045391902940963291e+00 1.254954147036501655e-01 6.276602878450161516e-01
4.063017636836634416e+00 1.839738299070084737e-01 6.513718334241361818e-01
4.044741484469266624e+00 1.642937279823990515e-01 6.581995074067985563e-01
4.036772975055089141e+00 1.518258408365327772e-01 8.262411019852062832e-01
4.050209145855751203e+00 2.654105907157433553e-01 6.312668986024086992e-01
3.941308721818341354e+00 1.769037614912462586e-01 7.009855380905861688e-01
3.891302386381530365e+00 1.422316538953715404e-01 6.024637202075887599e-01
3.968323358106506493e+00 1.191785867247456554e-01 6.945920376945947661e-01
4.020481919104589075e+00 1.118512173922060482e-01 7.848289450380846466e-01
3.844095783029482849e+00 1.424394330930904840e-01 7.518849706158120538e-01
3.948547820805980546e+00 1.740368869613971303e-01 7.047390697801281245e-01
3.922833112140373224e+00 2.468088669449036154e-01 6.989844418095363388e-01
4.061669589485911835e+00 8.990505114441467438e-02 6.888198726513795611e-01
3.850194099729453701e+00 1.523900766165928733e-01 6.175943649845552219e-01
3.853531578776929312e+00 1.608853042985603499e-01 6.520593123072081498e-01
3.935154220520510560e+00 1.584467122876569711e-01 7.176287456260166397e-01
3.913199754785580353e+00 8.704110160298460241e-02 7.228721129991196870e-01
3.934224084847025793e+00 1.514350336241563066e-01 6.674119579167746563e-01
4.045235324463835269e+00 2.599987325687622142e-01 7.298412007410678415e-01
4.064587808594715135e+00 1.040514730592635856e-01 6.282072760036598869e-01
3.817648748737124897e+00 2.359054786159496264e-01 7.715876167795625573e-01
3.912076481160290609e+00 2.480306808060098456e-01 7.945174137393195002e-01
3.976824817384721822e+00 1.795167164116110714e-01 6.948631891810443939e-01
4.008818455190632513e+00 1.850575197119851412e-01 7.987187946808798067e-01
3.822963815186437131e+00 8.833598570883165191e-02 6.833516267567109059e-01
3.878147682407401042e+00 1.855654587721821680e-01 6.393135989582642287e-01
3.886711221779941550e+00 1.005560880680584357e-01 6.645338986460076480e-01
3.856384698097890862e+00 1.533824246766126165e-01 8.207147732801787221e-01
4.017883106133584903e+00 2.713057307687536390e-01 7.033770400061055694e-01
4.126304614230216217e+00 1.222271209324835295e-01 6.368933450012581599e-01
3.793478358837083064e+00 1.601484027639796526e-01 7.444687911718559370e-01
3.943725199804760440e+00 1.762772608878779845e-01 8.069827981573806097e-01
3.995184971954046649e+00 1.490600453462311292e-01 8.417914959531690444e-01
3.987885131475734202e+00 1.794823458449263109e-01 7.403533264012975845e-01
3.880162817140576870e+00 1.694251870672205118e-01 5.901790427041817555e-01
4.029248683332641079e+00 2.162872364606509556e-01 6.666268250128585260e-01
4.076081465500277723e+00 1.388248223873127241e-01 7.535661679587286610e-01
3.714336725258021055e+00 1.656821566904179421e-01 7.184124653236843017e-01
4.024790617808595705e+00 1.464014247698641746e-01 6.776702290029299469e-01
4.043162637317375463e+00 1.972967269847779315e-01 5.834503475879916357e-01
4.327846252504103042e+00 1.428143785692563839e-01 6.920697394225118204e-01
3.734622853879741022e+00 1.524368624610696332e-01 7.326524496773599848e-01
3.785029866545827293e+00 7.063282990631412905e-02 6.867659817569481406e-01
3.855672237568729344e+00 2.050221460409809016e-01 7.535233321392846850e-01
3.794494925850485867e+00 1.763742460585517036e-01 7.344424992534662744e-01
4.075707170662046686e+00 1.451195818307522700e-01 6.869312334247291707e-01
3.754217111931962059e+00 1.122879926088098113e-01 7.123476305255043162e-01
4.126193124297224735e+00 1.903054008475884573e-01 6.379053514474829489e-01
4.056006694837141602e+00 2.293084649218601889e-01 7.688256883328727920e-01
3.833558567681473850e+00 1.895195561514811389e-01 7.408993205478985322e-01
4.031486343642309400e+00 1.845829960912717671e-01 6.037279144909489803e-01
3.995651103732679399e+00 1.394316296604292404e-01 7.049199379972727053e-01
4.008670346878897561e+00 1.839900059549764433e-01 7.148397909744197420e-01
4.028847621498250930e+00 2.759211074477583292e-01 7.248285858709305751e-01
4.186941203950800272e+00 1.120315529206142996e-01 6.927798843065866574e-01
4.052324791703256324e+00 2.605984681074965947e-01 7.219827208374203220e-01
3.815042200729416244e+00 1.096522743413599899e-01 7.851637071257854261e-01
3.774880526759069710e+00 1.399996108106433546e-01 6.541685043273589573e-01
4.269115579892369894e+00 2.298463306088384117e-01 7.539227605714807767e-01
3.930870406641018722e+00 2.162052087288993674e-01 6.759166994890323243e-01
4.201597543689007175e+00 2.482607494472947596e-01 6.948957212529105476e-01
4.016935529334463517e+00 2.265373798688093965e-01 8.151702920319650048e-01
3.712750589038653182e+00 2.220002634923105012e-01 7.207017010446752359e-01
4.061698648895673891e+00 1.875250775559144933e-01 6.575965551669606945e-01
4.308649825761594165e+00 1.478238651180825147e-01 6.102660431938762287e-01
4.000727330590756026e+00 9.949592865980357026e-02 6.455080654027830489e-01
4.224121148845314977e+00 2.024720881103320713e-01 6.680359998279090661e-01
3.894871321255060526e+00 1.769633772370665936e-01 7.634478801537991632e-01
3.935962456978475466e+00 1.888894802017300201e-01 7.344851550188683520e-01
4.036760486908309353e+00 1.237272061581087268e-01 5.786041097437998326e-01
4.079523345334012951e+00 1.328520405997637710e-01 6.665146349189300379e-01
4.118378855417319073e+00 2.331511112375412587e-01 7.008350786353733097e-01
4.040615943168289093e+00 1.547805746677235750e-01 7.004193366724486003e-01
3.853466706578589029e+00 1.553109071576110334e-01 7.262352197120185426e-01
4.074653312408203831e+00 2.578537489608067057e-01 6.244240432079043446e-01
4.211499585690406278e+00 1.979948879090006053e-01 7.450146998319205904e-01
4.126142126206989502e+00 1.109546815681590609e-01 5.958229163343871093e-01
4.028094215169356396e+00 1.310224874258072991e-01 6.293111988520866396e-01
3.923511863453608584e+00 2.122161060475994121e-01 7.534220284581747418e-01
3.703733687151530951e+00 1.639261740881736429e-01 6.878929636260141534e-01
3.913018306988615524e+00 8.230128905507465287e-02 6.959253901622449723e-01
3.915461955704659047e+00 1.205110594773128319e-01 7.301764690626099119e-01
4.077934306029583844e+00 2.086854163142699004e-01 7.136166480595401707e-01
4.185818012617931849e+00 2.484461553825799973e-01 6.489823360267656938e-01
3.901435399059474118e+00 1.152385887355882876e-01 6.661847067021823277e-01
3.958295565983668940e+00 1.670653966796780132e-01 7.885235030212637275e-01
4.067716408226143443e+00 1.343281607700352043e-01 7.455610367370403280e-01
3.755581753012023238e+00 1.385870670213293632e-01 6.248463769615218988e-01
3.890019491215266800e+00 1.804411782551317012e-01 6.940083070609331939e-01
4.184484425068543345e+00 1.752714107605069238e-01 6.448212311170280486e-01
3.882589534785381602e+00 2.312007047657353986e-01 6.146542285622230706e-01
3.936799319313144974e+00 1.882327937779109117e-01 7.216318210768719599e-01
4.314764597678601987e+00 1.634895691168259668e-01 7.620115482222818981e-01
4.225550516344059204e+00 1.784399074087710813e-01 7.631216610433146919e-01
3.972792378832973093e+00 1.912648778077958023e-01 7.416942211711422539e-01
4.004595380799301552e+00 1.907259314646197468e-01 6.049303163141589446e-01
4.008124162694010728e+00 2.122463735140349972e-01 6.969608280646891751e-01
3.989696840356996344e+00 1.923197275374478599e-01 7.221321008328648317e-01
3.857699387583017003e+00 1.501469576405882467e-01 7.662645903362114153e-01
3.882503749221737799e+00 1.344132563144097570e-01 6.793895586610004811e-01
3.847789231926112219e+00 1.965802097433849427e-01 6.922035867955581567e-01
4.264211661331752445e+00 1.476521822396406614e-01 6.490331764269217096e-01
4.308172414723469679e+00 2.011348567867449477e-01 6.559778926132616705e-01
4.087965190847235419e+00 1.164180418764841907e-01 6.295322482859795343e-01
3.850711430250701728e+00 1.180999676393218872e-01 8.203462536566646923e-01
4.211326187360350026e+00 1.469655228761545251e-01 7.245110457780175039e-01
4.038358193987432898e+00 1.383876499006850558e-01 6.906301650497320699e-01
3.943833334039864358e+00 1.580956197723828172e-01 7.067719722497355361e-01
4.191339406144776625e+00 1.475991519174774669e-01 6.633226738189129668e-01
3.939011960906112719e+00 1.818651897753633118e-01 7.814976815797071152e-01
4.096334504784237218e+00 1.729775511648894981e-01 7.268606285743909323e-01
3.895191391481457543e+00 1.598729842098539911e-01 6.422480322335715197e-01
3.875028982981092440e+00 1.546304922383341662e-01 7.591533047732297312e-01
3.903044056112494609e+00 1.829886232868034868e-01 6.316817718643803481e-01
4.294703182215061865e+00 1.674937119146602260e-01 6.223598071688400957e-01
3.946554624599346806e+00 8.188155289102860834e-02 7.342335862633758703e-01
4.074854225026451005e+00 2.454209681135280374e-01 7.515360935126802477e-01
3.865468779449705128e+00 1.505302561365881864e-01 7.366769642765512716e-01
4.263918504422071543e+00 2.350181898989777973e-01 7.553675081946670256e-01
3.899568697002758988e+00 1.923641320989767090e-01 6.100122416726152519e-01
3.766279188604746420e+00 2.309601455676042747e-01 6.832693976899881783e-01
4.079036608313111323e+00 2.297821167198876580e-01 6.465844196459425985e-01
4.138776836383916802e+00 1.709605924488665218e-01 6.672577641847708962e-01
4.049537878744122743e+00 1.504579323017038728e-01 7.135422735893967028e-01
4.011756634309158187e+00 1.253710111078805978e-01 7.127176935750686448e-01
4.290656582956556164e+00 1.621118012316876966e-01 7.236998701670183110e-01
3.774368396168764406e+00 1.475326863002555111e-01 6.665530264106799274e-01
3.811520727062781333e+00 2.159340844443979057e-01 6.318958518387494117e-01
4.062355549879889338e+00 1.421418384160905712e-01 6.939836225587375784e-01
3.985294534334706373e+00 1.822699300564954994e-01 7.035094553237708492e-01
4.040394505740208864e+00 1.725328297997163196e-01 6.518617273629858655e-01
3.788078803999114008e+00 1.712992278688211800e-01 6.836026974544464618e-01
3.925363084463708852e+00 2.615658959015556562e-01 6.359354142841293633e-01
3.806953529297402827e+00 2.243990158434599480e-01 5.877802168262744598e-01
4.084242683462449008e+00 1.965708313391061335e-01 7.481259847281302999e-01
3.748351159587642201e+00 1.399201576946734749e-01 7.148880762709015624e-01
3.955932837881310782e+00 2.091460121660724258e-01 7.659355243676233549e-01
4.068980062938112319e+00 1.641120501631995188e-01 7.089599375195493325e-01
3.981957793043632954e+00 1.569847303783651060e-01 6.479102846415305539e-01
3.714070225557664973e+00 1.956241445133711787e-01 6.805105560954757271e-01
4.250967800199952684e+00 1.414826123701857508e-01 6.749548793529672741e-01
4.163407595381892534e+00 1.809101138102497675e-01 7.370991838393986528e-01
4.022404251679127185e+00 2.189666280837850865e-01 7.135615013410961938e-01
3.690945596917647009e+00 1.473756295882477085e-01 7.461067860888345171e-01
3.951113422733957492e+00 1.714691288519487322e-01 6.835130416362630301e-01
3.723847526233459604e+00 1.860696464308213560e-01 6.770554375605817299e-01
4.005062034205181476e+00 2.050384822880660929e-01 7.472374271292182568e-01
4.007486543573575588e+00 1.257563134220694989e-01 7.357748123364075132e-01
3.932566912114263680e+00 1.440530749755948026e-01 5.939915231131096540e-01
3.874710853219907936e+00 1.434217754842924686e-01 7.449876585970964804e-01
3.782625787867463174e+00 1.929460140409025581e-01 7.043910469412806297e-01
3.963238550045558917e+00 2.133173056404701895e-01 6.944150049733215369e-01
4.005383777736581052e+00 1.393089684697738084e-01 7.902233680343299094e-01
4.228696625481838112e+00 1.997785450010317043e-01 7.786585727471431184e-01
3.836720400835865075e+00 2.030110273856180758e-01 7.546925435210419808e-01
4.071097444312587577e+00 1.410632628278447598e-01 6.767818812241402915e-01
3.923518471583183675e+00 1.426028061182606221e-01 7.839786382443948431e-01
4.025232654642395325e+00 1.359551294716089820e-01 6.825673416837906293e-01
4.130934150757362033e+00 2.500468472330875103e-01 7.993048481602157418e-01
3.771621828847670166e+00 1.348070650418376482e-01 6.318791266134445861e-01
4.036020426673785799e+00 1.331363725028873457e-01 7.146004481274538245e-01
3.975807215204653300e+00 2.333392635008346427e-01 7.504068741120285546e-01
4.162256929335598876e+00 2.688360802359477386e-01 6.988937989124464067e-01
4.109727284899578059e+00 1.515938824401948382e-01 8.166252409653954603e-01
4.060614691617030481e+00 1.706980308911550392e-01 5.850605746759119929e-01
3.801944565862447334e+00 1.080112916932932376e-01 7.552246072793522558e-01
4.300984084232198690e+00 2.253999550798365947e-01 6.427012656534848434e-01
4.167924856394796151e+00 1.933008356962022112e-01 7.596900840100285768e-01
4.027730305354081608e+00 1.525168564176830610e-01 7.177867063290253036e-01
4.195276878808141596e+00 1.673444686319561503e-01 7.436805252218368079e-01
4.030734361624719320e+00 1.926140335688420469e-01 6.949413184483216321e-01
4.028802782734143051e+00 2.392589808472391222e-01 6.664184387487434025e-01
3.888531369763186696e+00 1.737214900777880044e-01 6.977408961246016617e-01
4.165292045726317838e+00 2.209330726427424230e-01 7.443739303621844661e-01
4.039364972022399414e+00 1.245453140395077624e-01 7.023401137926420512e-01
3.894899347718716154e+00 2.151581757829811870e-01 6.074273311209551496e-01
4.116933287927828644e+00 2.110809228989436181e-01 7.475704933930635843e-01
3.866133143948384365e+00 2.212148311522579569e-01 6.929663609515038791e-01
3.972530828287366589e+00 1.872650749500640588e-01 6.184591762240803092e-01
3.779178691958130276e+00 1.286686020935093877e-01 6.960735552316077435e-01
3.779685651342672426e+00 1.282043248622658504e-01 6.163416090719198159e-01
3.945407990976354196e+00 1.729441580782556664e-01 6.827847451198858497e-01
4.056951230967082545e+00 1.844306534192205194e-01 6.402643092486592913e-01
4.191901045231435141e+00 1.252940445697054428e-01 7.098610233856526008e-01
3.856333427629934807e+00 2.310558750402327832e-01 7.710355171888422232e-01
3.976723091189417580e+00 1.747433315989118385e-01 7.442793554044553339e-01
4.153866146204979515e+00 1.660215848783750947e-01 7.158170278180950863e-01
3.992993728039981427e+00 1.383814353718227086e-01 6.434506569712917790e-01
3.817030216871575732e+00 9.997289304050081815e-02 6.841023795847938072e-01
4.194313549511472061e+00 1.011455143190163053e-01 6.292332760439505179e-01
4.154176064314172301e+00 1.401224597443675723e-01 6.705215506616474253e-01
3.721556873676571175e+00 2.138270365739534662e-01 7.601353053612466271e-01
3.949052597798995645e+00 1.864917848928807909e-01 6.778367697889514654e-01
3.917641498227058872e+00 1.482129941429125575e-01 6.212133446083275556e-01
3.694102090973232499e+00 1.839536620260890931e-01 7.195851715307363117e-01
3.948364493039133727e+00 1.112557839595793990e-01 7.576112499978283621e-01
4.251000357921597583e+00 1.338576927840719466e-01 6.717665733379021287e-01
4.252086634410684240e+00 8.914879937299144408e-02 7.324131303686747252e-01
4.165430788783317517e+00 1.954347830122978857e-01 6.837164007023149859e-01
4.044829777419626460e+00 1.596939738825248201e-01 6.684023272292342055e-01
3.856543563295084631e+00 1.626022266790777271e-01 6.835197485298565301e-01
4.038991464638608697e+00 1.133757471388012611e-01 7.158408473125910110e-01
4.024725311324061749e+00 1.006432998082566893e-01 6.544280473033647905e-01
4.207543920752099709e+00 9.183799487623901803e-02 7.511090775599977842e-01
4.213120730997665930e+00 2.002065787150013876e-01 7.699504799200992400e-01
3.781980310328545869e+00 1.634970234420059232e-01 7.551762486471611524e-01
4.299232908974135015e+00 1.903134284496965090e-01 6.892089360359996419e-01
4.105740761558027252e+00 1.697663097949946298e-01 6.687168825069007561e-01
3.755916457575222189e+00 2.063674140301686166e-01 6.681153110724484812e-01
4.199406512229997723e+00 1.474125653788228019e-01 7.655209847433277481e-01
3.923006834494119133e+00 2.209258796398778646e-01 7.974166759609269128e-01
4.062068733686024835e+00 2.508199430490010151e-01 6.924576480481750007e-01
3.940998077879542372e+00 1.258308954357090781e-01 7.323779828092936706e-01
3.940574304336290190e+00 2.353952090513514728e-01 6.486225555431106571e-01
3.866003033929032107e+00 1.899443151302227795e-01 6.336716626763696514e-01
3.983032341330321024e+00 1.208421006139016041e-01 7.830415022414054516e-01
3.852641760373071822e+00 2.557599573676370142e-01 7.874453812439230482e-01
3.855788570814053351e+00 2.008945301008416839e-01 6.551799996910654400e-01
3.964255505980380789e+00 1.763904593942320631e-01 7.002649452537086372e-01
3.899052771704931697e+00 9.865488231497392124e-02 6.350573325111837919e-01
3.872215365641672680e+00 2.103634785995902867e-01 6.948138544405474404e-01
4.264296205766752834e+00 1.695066859107908219e-01 7.543618958206665948e-01
3.991850691765693959e+00 1.074097502042944685e-01 7.302657197722153271e-01
3.888879636703995057e+00 1.773599528508171819e-01 6.911058930089846175e-01
4.038364107690200377e+00 2.610484432327941917e-01 6.783322836667249334e-01
