3.369488670233933725e+00 1.665830737361011504e-01 6.191586171853806775e-01
3.600885739540913288e+00 9.906113244888983815e-02 5.546468887127175007e-01
3.507687378463951067e+00 1.583401487490355974e-01 5.325899730123334619e-01
3.537016886971518392e+00 1.342121473914615615e-01 6.478649163693650515e-01
3.800963003229177684e+00 1.438010043605582600e-01 5.799002136508524252e-01
3.423359930723454791e+00 1.255888439096992937e-01 5.425563920588600819e-01
3.524991114749780774e+00 1.486950276329044307e-01 5.747249760450120482e-01
3.676899320359181544e+00 8.220538060608162390e-02 5.356846736073473947e-01
3.824288709528275376e+00 9.831985887329064422e-02 5.366499951015928360e-01
3.555016568621640616e+00 7.147264594882041244e-02 5.626175038879045465e-01
3.745818559643581125e+00 1.186206407786477290e-01 6.785375064652214849e-01
3.400508622846157625e+00 1.022671109477609752e-01 6.450901292728897785e-01
3.277372009016705334e+00 1.766074198759199076e-01 5.658678988733458759e-01
3.393083430775647891e+00 1.560922356477459916e-01 6.333696504173020880e-01
3.472109121833725442e+00 1.151857593589633300e-01 4.948250685011681416e-01
3.757138125690871355e+00 1.621505017493746481e-01 6.621488087386925292e-01
3.430497645351540559e+00 9.892442844201562724e-02 5.416100572366554511e-01
3.281997266534066426e+00 1.498599159404080672e-01 4.647331142799896453e-01
3.743415854399071652e+00 1.185489746425820307e-01 5.774935288582869752e-01
3.566715088129578159e+00 1.246018610461800818e-01 6.865765475975269538e-01
3.600760084269382322e+00 1.756943400580762704e-01 6.111861925994543920e-01
3.576326461875960927e+00 8.348573757646950144e-02 6.534099076800621297e-01
3.668176161219256048e+00 6.963060338455867582e-02 5.966082823071564567e-01
3.575928226778075203e+00 1.528739204842735622e-01 6.260339524217948259e-01
3.528240770956157402e+00 1.145973796827267355e-01 4.977450186991331793e-01
3.484668475264761422e+00 8.559431351919480346e-02 6.492079360122784415e-01
3.246664293934269807e+00 1.199923530922889364e-01 6.163099298521350633e-01
3.370799912546384558e+00 1.097969847586091480e-01 6.734762684207284966e-01
3.526371605830015632e+00 1.118217801014340373e-01 7.568107617568844425e-01
3.638197687563312410e+00 1.213599526273142076e-01 6.122767785353612213e-01
3.501464708258131164e+00 9.178218563027064347e-02 4.563614272405710492e-01
3.477969552209710269e+00 8.494644532991307839e-02 6.112914718118522828e-01
3.176935088263336926e+00 1.183941000642846353e-01 6.299540094462608986e-01
3.323655568917310621e+00 1.835112317638277479e-01 5.862128007357454429e-01
3.567182565907415448e+00 1.347643505655426732e-01 7.050012838436867657e-01
3.547594355780214759e+00 1.584471720142622553e-01 6.566015227541072141e-01
3.450558617697360386e+00 1.063707868172229787e-01 6.078569043425009477e-01
3.713792574616152642e+00 9.618288442064462651e-02 6.809432735070324316e-01
3.806308439681776790e+00 9.413977856641918274e-02 5.205416731172000100e-01
3.444793584544676435e+00 9.380289815551125232e-02 5.243051415060968612e-01
3.648661255815888627e+00 1.006238612940125038e-01 6.602323808466844524e-01
3.406131918402138581e+00 1.500351781350113545e-01 7.308319971412009508e-01
3.325330311162576713e+00 1.515217512312017067e-01 6.305751004922162117e-01
3.539971172968559454e+00 1.087643766369477544e-01 7.512253108675990276e-01
3.451078582678954287e+00 1.085490335200006429e-01 6.354223999203539863e-01
3.889973533186326105e+00 1.337604567332713323e-01 6.336175352244776127e-01
3.770751326099412992e+00 1.175372072435540566e-01 5.954627373957770420e-01
3.168769354305838615e+00 1.337439822716657012e-01 5.695065433616505191e-01
3.654895888866055653e+00 1.048003011180845684e-01 5.362098670038732973e-01
3.445701100304021214e+00 1.332334843772176591e-01 5.622464951908108244e-01
3.418439229286780900e+00 7.907169869440343335e-02 5.892187033888294234e-01
3.418079886926717936e+00 1.921762249352905738e-01 6.530042388233245898e-01
3.592641348514260535e+00 1.405310748288198797e-01 5.259582346219195959e-01
3.498950040457841748e+00 1.343477569613389377e-01 5.753633028360977120e-01
3.346318573572688582e+00 5.381292844120198759e-02 6.462362611929590717e-01
3.414250800088835192e+00 1.018740340412541689e-01 4.592697121439958119e-01
3.493026478287141856e+00 1.228446478393702967e-01 7.305099984151914860e-01
3.406617734502954686e+00 8.781249056401474462e-02 7.043131921497330916e-01
3.452080397115552479e+00 1.825662913808319410e-01 5.498644390065571264e-01
3.689320507389098225e+00 9.004719712248336616e-02 7.198679004181635088e-01
3.611026181498357523e+00 1.203379789632588459e-01 5.685107878632539302e-01
3.418335607540089693e+00 1.782343645652815223e-01 5.173116226794608474e-01
3.424065921957828440e+00 1.433513955784678773e-01 6.251157060714267466e-01
3.872618712594321000e+00 9.966532847539580353e-02 5.498035870024826632e-01
3.607154460325296963e+00 1.684674521639222822e-01 6.320092068082520109e-01
3.543336912983702458e+00 1.418071144604999834e-01 5.391452979814169710e-01
3.731705685819683094e+00 1.097964485855769112e-01 6.156627701255219520e-01
3.517104991878984954e+00 1.506311016371046918e-01 5.900430287836898602e-01
3.732582297644361002e+00 1.816276213665629080e-01 5.547461853682270627e-01
3.525476338382738550e+00 9.846359942496055173e-02 7.031446571987854943e-01
3.433189112301918033e+00 1.403848289460818966e-01 6.043829060057506197e-01
3.279305450285634027e+00 1.052516850318330616e-01 5.378068513453955202e-01
3.101138823136441847e+00 8.935546142970113292e-02 6.132451661888083105e-01
3.583740444149700721e+00 1.133663355955155105e-01 6.602954497363409114e-01
3.189482315314918548e+00 1.501507941000038426e-01 5.338011559825984742e-01
3.523354331503681713e+00 8.792596270488900467e-02 5.338372458422582234e-01
3.755123617994080565e+00 1.002650342127806710e-01 6.203407419346811391e-01
3.618490651906803190e+00 1.160186206386388669e-01 6.623516987529916022e-01
3.517835908794026079e+00 7.961538568499092194e-02 6.004856725784832872e-01
3.288212750448566535e+00 1.252622585827729562e-01 6.940381426864220549e-01
3.754841519795564242e+00 1.420724308010960224e-01 6.398536853595213625e-01
3.763300602046330656e+00 1.057266247700366646e-01 6.327944883538190179e-01
3.450543929286751688e+00 1.285216380306496708e-01 5.254213912457423863e-01
3.490199053403603369e+00 1.644319017388748694e-01 6.384662862744064915e-01
3.954810310797459927e+00 1.155761054708517727e-01 6.176639666352916613e-01
3.583695245525443607e+00 1.045322440595406743e-01 6.171116460437768847e-01
3.461580437203872762e+00 1.423007656152686651e-01 5.069895522349927575e-01
3.283645408574507041e+00 9.598063318536284583e-02 6.259047045147843047e-01
3.577219536290412449e+00 1.217080209597890678e-01 5.587634327599872996e-01
3.451727751577339909e+00 1.053037214995141968e-01 6.785624851197435969e-01
3.507116214619761418e+00 1.030156838640442218e-01 6.036638408136171252e-01
3.538850715239521438e+00 5.416703766144025101e-02 6.661832401716797358e-01
3.442476505561240074e+00 6.057583848014720662e-02 6.162831877897106958e-01
3.360082505048811452e+00 4.957073801296900395e-02 5.577051548366457334e-01
3.304317897351463973e+00 1.486871579763205387e-01 5.528033153784279730e-01
3.551371926807879831e+00 9.915296035462470292e-02 6.665782345308624013e-01
3.604770821204004161e+00 5.945418000629654892e-02 6.754893328475137793e-01
3.186886234464434864e+00 1.069159499005468694e-01 6.233452606910165894e-01
3.346396253240320195e+00 1.203685320518387003e-01 4.737687931145805886e-01
3.242447070400452880e+00 1.092111525103892783e-01 5.215901269583709254e-01
3.582961243604510848e+00 1.038153037694829750e-01 6.175537530593460112e-01
3.575079373038990926e+00 1.416706999782866572e-01 7.129039489422760445e-01
3.530820435475970243e+00 1.520667757175107604e-01 5.453118028929876404e-01
3.442045777609746171e+00 1.794338191132968663e-01 6.372762970092537005e-01
3.490599786177799757e+00 9.015182116491615716e-02 5.939177824906549663e-01
3.661094403608746273e+00 8.183523012900438542e-02 5.645839146996034508e-01
3.384007951464748754e+00 1.184001022938076103e-01 5.838729726810601983e-01
3.673405184837126747e+00 8.809187305681021041e-02 5.242765374260157651e-01
3.544096122384610137e+00 1.479636796543994104e-01 5.915114850862052132e-01
3.633996419623203078e+00 1.697379918171092739e-01 6.265833797663149518e-01
3.740954900138967698e+00 9.800928128862197719e-02 5.011618271859967777e-01
3.676849276034822811e+00 9.262432598130640460e-02 6.679821681726396676e-01
3.570815629218886844e+00 1.196711229841026097e-01 6.709005747458396396e-01
3.276183773491393225e+00 1.648081359880172458e-01 5.673077576969114411e-01
3.529294641079358197e+00 1.229566210602283105e-01 4.614655476626667863e-01
3.743224557221882964e+00 9.035731056088396052e-02 5.424085375286175070e-01
3.418854080919032423e+00 9.306950732011848304e-02 6.549109490164113367e-01
3.791983191427115596e+00 7.761315298099213944e-02 5.786531939606537334e-01
3.380469447359043755e+00 1.593961903284993875e-01 5.896876952916957348e-01
3.635179753182848916e+00 1.017068740066285060e-01 6.041631301129519738e-01
3.322835756945619501e+00 1.004031674103248312e-01 5.712417187060250257e-01
3.402670208698315157e+00 1.637724047141248251e-01 6.967108748969009779e-01
3.460093399848536588e+00 1.295234097532072248e-01 4.448592045617988378e-01
3.347449801213704390e+00 1.333988904226270922e-01 6.398813039020430082e-01
3.300864521637027149e+00 1.062453681987775983e-01 6.429835473477502061e-01
3.435748553946750938e+00 8.605785683300343214e-02 5.548710078517322675e-01
3.371261117657621043e+00 1.030661321210083886e-01 6.133002433886860505e-01
3.833761513105691243e+00 8.818590029865674973e-02 6.317625155013789628e-01
3.349660455645827373e+00 1.165406406321233684e-01 5.837280980516574846e-01
3.523811429343736368e+00 1.473284652492289071e-01 5.113820926854395488e-01
3.501032764558378307e+00 1.575698919831527156e-01 6.479133556259718540e-01
3.216708793600053351e+00 1.459868848067295555e-01 6.055569188093348210e-01
3.168567979048144689e+00 1.076588552759867867e-01 5.615150967780039304e-01
3.208994966788483616e+00 1.048798950454913337e-01 5.360177999747059996e-01
3.425371232131873889e+00 9.548753808849438918e-02 4.999269492295750905e-01
3.625629898833590214e+00 6.081621497184187125e-02 5.623712356126934209e-01
3.312593313506998260e+00 1.302106348417619297e-01 5.021049877075355328e-01
3.665573404722295869e+00 1.422611066452491024e-01 6.969014811176816870e-01
3.416830532969830081e+00 7.736358933973482011e-02 5.303074865310326569e-01
3.928236935255966067e+00 1.471690220200972399e-01 5.660235016183778889e-01
3.323790399468648626e+00 1.515482115230555593e-01 6.689754445798594684e-01
3.448935563520957981e+00 1.687256008260912821e-01 5.745708020459383558e-01
3.641307058283931752e+00 1.193673928998928158e-01 6.163779247305317677e-01
3.523761093992148652e+00 1.308063975435152793e-01 6.682677866167798797e-01
3.627217793521743783e+00 1.596374248704448273e-01 6.291138422580614398e-01
3.417500263584436482e+00 1.216735081736358137e-01 5.463855357615114983e-01
3.459188807504447460e+00 1.204237525551593441e-01 6.475403499294083431e-01
3.216116518198514740e+00 1.204913877109521497e-01 6.669257687453192807e-01
3.315077539667711903e+00 9.233922074872227825e-02 5.983525889086943605e-01
3.793834709978579856e+00 1.386601244031545055e-01 6.509604723486572819e-01
3.304651341883365401e+00 9.646296228229936376e-02 5.353397478015317068e-01
3.488328327685263464e+00 1.028998307333748863e-01 6.469675236435321608e-01
3.192370196100627666e+00 1.312686588482447070e-01 6.702910354819106020e-01
3.205703491670240268e+00 8.976251087431404152e-02 6.267940420874188456e-01
3.600410794017959937e+00 1.054148650725511283e-01 6.095912666029439375e-01
3.568947519899479559e+00 1.540992048615967003e-01 6.218752874644055684e-01
3.419752526396809600e+00 7.603081910419838552e-02 5.913071262828756280e-01
3.565806095012553190e+00 1.311666695673814054e-01 5.956081442725777997e-01
3.663423612884176617e+00 9.293317982655405207e-02 5.833130941238248157e-01
3.445683046987605636e+00 1.462802726282802501e-01 4.659379080176191401e-01
3.286368941533952093e+00 1.299845028885261156e-01 5.844224013098907600e-01
3.546820050461282126e+00 1.427582718106539250e-01 5.647657974909041645e-01
3.469968239060612802e+00 1.488457413367127724e-01 6.360468801612370049e-01
3.440239817860439420e+00 1.065804150525721666e-01 5.046032539145629547e-01
3.500258572679636693e+00 9.032547047567310305e-02 6.577125114182610366e-01
3.476229891906005953e+00 8.469538242015747787e-02 6.618085259786420371e-01
3.542861160028236256e+00 1.398226024937327672e-01 5.765532290764514567e-01
3.378686347644235699e+00 6.008614567530874001e-02 5.598156321284787351e-01
3.602457593809405445e+00 1.185973287120742625e-01 6.605283131341234126e-01
3.848598076678591884e+00 1.094138275117698400e-01 5.896943750532664952e-01
3.764292338173068408e+00 9.430574407067952858e-02 7.022558972146600853e-01
3.364911400435457889e+00 7.352189840014866640e-02 5.190870808478339482e-01
3.431193053158865247e+00 9.364370011811726235e-02 5.722875780708159832e-01
3.512854156642167602e+00 1.406009828448563093e-01 5.647169677363881313e-01
3.077132970950888335e+00 1.266212128117368274e-01 6.856961692917958873e-01
3.473547671799049219e+00 1.141863962332704957e-01 5.393186605377510157e-01
3.421687779548375108e+00 7.666248380196168111e-02 7.153072508323325973e-01
3.505831161711770783e+00 1.290082285954460561e-01 6.253201094346065858e-01
3.846688834235576060e+00 1.248742706608544917e-01 5.566380345369371652e-01
3.512023401708080250e+00 1.108004168844500398e-01 5.039756320061111738e-01
3.499906134056652185e+00 1.028516025946963064e-01 5.836839296208575778e-01
3.228744408458901649e+00 9.351823387185664860e-02 6.653457567509540871e-01
3.520724194488149106e+00 6.765247052716513720e-02 5.650242675857444219e-01
3.304678532758001719e+00 1.023524283950352498e-01 6.919742346355853835e-01
3.526702242210004723e+00 1.552245142988774307e-01 6.382046476429729109e-01
3.765873797209175144e+00 1.375106585898425993e-01 5.986283117149749922e-01
3.443394688308571538e+00 1.009790192174380152e-01 6.583017298915365689e-01
3.663318197896679340e+00 9.558438490789857023e-02 6.136870883165032042e-01
3.419127332413645082e+00 5.199031169946566333e-02 5.317052153750639887e-01
3.482752895950439243e+00 1.540267595220550234e-01 4.686650700394947022e-01
3.608634953646004284e+00 1.463648178218797113e-01 6.418337614020557247e-01
3.295715075927807547e+00 1.460579456437268164e-01 6.594133981248045950e-01
3.331419611370902700e+00 1.311102352490072231e-01 4.810980290080301702e-01
3.586440543215219989e+00 1.523594388159158486e-01 6.320132207167677985e-01
3.864337040478551089e+00 1.272105493105354646e-01 7.085354656931344142e-01
3.464478186090080847e+00 1.580920524194588395e-01 5.797775469311268193e-01
3.757595694919800167e+00 1.023195070918823668e-01 5.635065926395141922e-01
3.398228808724086392e+00 1.407785321596488060e-01 6.215662841941690386e-01
3.187643920367168260e+00 1.070602558765897522e-01 5.804613617137241999e-01
3.179314008497345245e+00 1.244793979247092452e-01 6.450795386984045088e-01
3.577705349031498283e+00 1.669775609621540202e-01 6.139897542003334152e-01
3.380849827723491074e+00 1.117537905258677439e-01 7.081752015345670337e-01
3.418213726256096763e+00 1.503319265489493073e-01 6.405552397870950543e-01
3.411057583570711760e+00 1.366918460311734862e-01 5.421036928100251284e-01
3.647196815478540355e+00 9.177894832824247395e-02 6.251474212586335399e-01
3.304056878801075126e+00 1.474541267333556727e-01 6.004461034220757165e-01
3.329015901517191622e+00 1.388563207592475590e-01 5.322981001443415350e-01
3.553737237074978239e+00 1.549444625644739726e-01 5.784785137608534633e-01
3.314513813906653894e+00 1.116790988042812016e-01 6.639736750287492661e-01
3.462697270615326506e+00 1.093031384778924003e-01 5.451465752026273259e-01
3.656511807543113335e+00 1.461975889424296238e-01 5.375500379732294221e-01
3.593311196604858981e+00 1.377464578733385292e-01 5.857601918471322389e-01
3.146104448147808430e+00 1.106313185275703131e-01 5.419189247629581097e-01
3.684344839333969723e+00 1.272685618435999977e-01 7.054623542579913087e-01
3.466178168946511651e+00 8.841089219426873091e-02 5.456669137658730628e-01
3.114063943470599227e+00 1.440440933955690062e-01 6.165215506163830295e-01
3.711869354801917265e+00 1.065423021478072163e-01 5.903687281842968648e-01
3.537879612959972331e+00 1.113956010148079573e-01 7.383506597477286215e-01
3.708079402825029902e+00 1.476763464188472208e-01 6.166583690176894450e-01
3.875932879383948926e+00 1.156494985738887038e-01 6.032900234215637925e-01
3.124150032666805910e+00 1.163695712724507197e-01 5.477191869864700413e-01
3.330144730794244001e+00 8.603908512885935500e-02 5.413346167583458213e-01
3.291952656145414657e+00 1.822223908228203793e-01 6.013180722644199117e-01
3.531497930276784381e+00 8.675024298682770807e-02 5.545717109041183868e-01
3.592593107024860899e+00 1.440993476149941832e-01 6.023866396275130430e-01
3.594860400492193353e+00 1.571238386727958347e-01 4.684307370849577490e-01
3.457283086170440001e+00 1.446331115557915881e-01 7.071918855642014279e-01
3.377255907452218597e+00 8.798588299583973149e-02 5.303336814431888202e-01
3.276526094711572856e+00 1.507491664197519177e-01 5.680256571475749139e-01
3.708239236967139973e+00 1.027909919849339937e-01 6.359999585212243733e-01
3.756604488716032364e+00 1.831809175149679836e-01 5.581418974908289865e-01
3.494281316943021132e+00 1.215065673037043215e-01 6.079218874799435790e-01
3.515278493320907138e+00 1.222209031885083952e-01 5.779491777354311965e-01
3.635889171513037699e+00 1.499159660977966713e-01 5.766757729910777508e-01
3.847457325368268233e+00 1.530055573382139156e-01 6.142499798313616477e-01
3.482852483688480660e+00 1.214887538450735160e-01 5.608229267573403565e-01
3.404006609222397284e+00 1.593144807261731022e-01 5.605854355629723562e-01
3.274335181092114411e+00 1.491358440547193021e-01 6.174887907390302910e-01
3.150095344732009472e+00 1.384798799846829187e-01 5.590294034267839773e-01
3.242159437036247649e+00 1.106339452944246488e-01 5.466421764749989087e-01
3.213184536941637859e+00 1.318280963211192758e-01 5.968841031206550962e-01
3.512138756891856950e+00 1.412538255841844226e-01 5.273058592350539087e-01
3.289120354759515141e+00 1.538223329514802340e-01 6.198620502096787721e-01
3.842996151512146685e+00 1.547466270102809405e-01 6.714346564368631753e-01
3.041075638151581551e+00 1.175088287154904126e-01 5.394924851154065948e-01
3.234036682272031893e+00 1.403679285456981007e-01 6.157724610383816799e-01
3.519203195895955094e+00 1.481474096476589897e-01 5.790724378028144770e-01
3.609074490639934574e+00 7.030907246800682797e-02 6.637246381507846404e-01
3.783477076857759691e+00 1.504614198254441426e-01 5.600253390448576285e-01
3.340734639626667057e+00 1.332894530237870578e-01 5.014412264379117801e-01
3.381985049275928468e+00 1.056403955929650085e-01 6.647456871550248003e-01
3.711259162427805514e+00 1.455306026462431790e-01 6.029285570419330442e-01
3.408257736129519433e+00 1.671421889014941264e-01 5.852965560770756470e-01
3.369041049097811324e+00 9.133657105027660761e-02 4.678253195064430159e-01
3.534581743377598340e+00 8.886605670343115937e-02 5.933675736026094993e-01
3.293455709099899931e+00 1.407120965711300131e-01 7.365663939229434298e-01
3.399606510135924520e+00 1.157400189936462070e-01 6.704915686538512887e-01
3.261853527765740779e+00 8.103081527050406963e-02 5.618272562673268800e-01
3.522849087591286565e+00 1.163657572631859177e-01 6.769452978193476467e-01
3.358325978670423595e+00 7.195075876578216345e-02 4.811235472724134099e-01
3.416568566233034510e+00 1.431643301128486812e-01 5.585949134168669561e-01
3.689039170086943376e+00 8.093619819116212866e-02 5.666466436626691472e-01
3.713584350428733583e+00 1.587347183714263865e-01 5.467563290838011181e-01
3.756611970724295979e+00 1.388329952120883337e-01 6.367155697310847851e-01
3.209015552318690734e+00 1.656226547134276028e-01 6.488969628587417660e-01
3.726580951663940322e+00 1.275036869834546560e-01 5.448826970003192161e-01
3.505941197433655621e+00 7.985137582359491670e-02 5.164487897935471361e-01
3.246052692883016011e+00 1.521549917967842391e-01 5.018172626559768146e-01
3.217298906625872146e+00 1.332457797099910191e-01 5.561173633919156423e-01
3.571149324293045879e+00 1.106853106958373412e-01 4.465975385776554951e-01
3.479737911731262123e+00 1.075163421696716665e-01 5.338244895967607651e-01
3.269847473092092116e+00 1.072134964149351749e-01 6.859164497813444727e-01
3.689080385020466313e+00 1.490146597935417261e-01 6.873801167469544282e-01
3.438264976076645496e+00 1.358963723596658402e-01 6.378696570614563743e-01
3.347149766091073619e+00 1.288588949768003367e-01 7.069873401146039571e-01
3.726306460510536045e+00 1.481948806173732369e-01 6.644115151705679567e-01
3.655964953578023646e+00 1.129047005584457031e-01 5.869837506823110118e-01
3.414766925931800312e+00 1.246221469954952310e-01 4.910517769328403559e-01
3.538403297017129745e+00 1.605987933216112551e-01 5.573154975969757396e-01
3.554393214114135446e+00 1.845688661218960192e-01 6.089776998614389036e-01
3.326746188701431350e+00 1.169608700452683669e-01 6.815619664539274147e-01
3.259536733287953680e+00 6.907731356338200901e-02 5.670671680123428038e-01
3.389062838064107464e+00 1.478275682174785000e-01 5.259416195442291331e-01
3.482224632268279496e+00 1.018108852788107838e-01 5.644096440301160644e-01
3.555608218111927066e+00 6.952457282330407051e-02 5.127108493375160947e-01
3.431851232090093795e+00 1.532828127858513745e-01 6.452097813839277052e-01
3.545123569019096976e+00 1.265830947770354431e-01 6.887553489773171611e-01
3.575789454668252709e+00 1.553902810092690212e-01 4.853999558031037442e-01
3.440101726655548031e+00 8.043879855995811345e-02 7.335399631286364519e-01
3.720024137447694557e+00 6.318373084219106040e-02 5.556087389674190247e-01
3.091387466254911232e+00 1.343895299123486764e-01 5.813744771733966310e-01
3.202839904871582988e+00 1.092316308874270309e-01 6.593900870439338702e-01
3.611615979935040244e+00 1.633441709484363125e-01 6.823957175452891599e-01
3.645684272957173011e+00 1.127438072921402856e-01 5.702419695416899303e-01
3.521972674994120478e+00 1.613144650492280840e-01 6.080433517096021090e-01
3.822760162960147756e+00 1.065892725413918329e-01 6.400583840930424984e-01
3.519110694161787123e+00 8.541779430122853345e-02 5.832720801484265749e-01
3.515342960924174864e+00 8.942324774622228967e-02 5.720171988210031033e-01
3.230183502723335653e+00 1.067425869126601007e-01 6.006819944559161906e-01
3.640612140515647077e+00 1.064418718702603295e-01 5.966374420487740027e-01
3.567016561154177090e+00 1.232908338234657841e-01 6.420687826515768526e-01
3.383496274910701818e+00 1.156194777922657929e-01 5.429412564057413126e-01
3.257778354636978069e+00 1.099723264629773739e-01 5.227102109566438282e-01
3.530519597749916194e+00 1.270401289358607799e-01 6.319271800972995345e-01
3.566665682137331483e+00 1.523503193678042988e-01 6.565441883360365605e-01
3.893428495913286991e+00 1.319018398741976794e-01 6.501853157219864565e-01
3.648300990915917641e+00 1.065244338852470163e-01 5.256873937994465118e-01
3.833911280144903344e+00 1.279299864484804150e-01 5.395093369156286345e-01
3.579066359158667332e+00 1.159738771302037119e-01 5.467356984612122828e-01
3.089518687274555031e+00 1.144867644040892529e-01 5.523829933639562428e-01
3.168622780414182216e+00 1.051630145044963327e-01 5.818541108285498753e-01
3.672671080442563518e+00 1.150858771314664103e-01 6.320862934618759477e-01
3.597176238023573447e+00 1.511322482294746583e-01 5.923520110684917794e-01
3.257747877246438772e+00 8.370551029548269073e-02 5.753730857860832604e-01
3.371370850271744324e+00 1.211326454871158309e-01 5.914373406304727077e-01
3.293243950760285976e+00 1.284169374565623245e-01 5.287166174261782592e-01
3.377413798653488453e+00 8.836553818372913649e-02 5.057920340568674566e-01
3.609771084499683536e+00 1.042123840250103461e-01 5.633634910105295157e-01
3.536717135186476568e+00 6.485364711246439928e-02 5.092432325426174966e-01
3.461537421468994236e+00 1.186621233098907047e-01 5.269697808645726900e-01
3.694343516969165186e+00 1.050154459357968972e-01 6.981007156495202537e-01
3.296516943640122932e+00 1.377448423656334464e-01 6.845982380812520862e-01
3.520000117027120456e+00 1.618156229032076399e-01 5.930420603261196133e-01
3.349346831826125470e+00 1.225641303827101902e-01 5.895161009834946064e-01
3.726756659837904717e+00 7.694632785781954643e-02 7.114269302747144863e-01
3.448761179201562221e+00 1.297451766034212750e-01 6.377514848596896879e-01
3.537511911325104563e+00 1.375022846487432004e-01 6.341556468420238568e-01
3.370886366034169246e+00 1.268179541548004052e-01 5.736689061619346663e-01
3.386906096582729120e+00 9.274866161523476205e-02 6.471756333080230794e-01
3.597204419111106333e+00 7.729056450575930159e-02 5.047105625765021530e-01
3.941046622792488741e+00 1.246695437655585964e-01 5.776541195208290125e-01
3.552394120874317274e+00 1.210285647685934857e-01 6.435492430086400262e-01
3.398352527865153405e+00 1.348990769366409936e-01 5.800119500256253335e-01
3.459376419109028600e+00 1.345434676062677304e-01 4.891920652023240557e-01
3.329936812443798910e+00 1.475910065076014299e-01 7.007811564435393326e-01
3.230351524510464145e+00 1.457401762721908245e-01 6.541282614530730122e-01
3.218097321927464893e+00 1.390227094956024700e-01 5.234006350513782380e-01
3.547312541781349360e+00 1.473989666286847633e-01 4.398357683205651458e-01
3.679514092900238342e+00 1.339558604250928042e-01 7.131535983155703473e-01
3.511254511552191815e+00 1.259993867213117791e-01 6.595402988275648193e-01
3.559188984237247944e+00 1.068093797667806488e-01 4.629252076158161255e-01
3.746145733691737423e+00 1.073329569960459473e-01 5.985195135728572646e-01
3.377488320935582600e+00 9.268704382615616799e-02 5.921324555976684723e-01
3.511784441635821263e+00 1.022993176616244088e-01 5.642324462638481641e-01
3.520385582926084389e+00 7.738969147091354084e-02 7.294922425208079098e-01
3.347951647551942855e+00 9.850956247955748590e-02 5.728477322861329490e-01
3.490212789285863426e+00 8.894239370678272416e-02 6.696953800456840744e-01
3.730467335544736862e+00 1.055229530749458300e-01 5.820467590211029218e-01
3.486881513277162448e+00 9.428041126482653023e-02 7.352206879485667645e-01
3.757993554641136047e+00 1.598916274774424273e-01 5.200512219441923989e-01
3.298409831288160898e+00 1.162497345994044501e-01 7.100540362167394592e-01
3.746038182741055156e+00 1.109368769810749888e-01 6.370104994287690836e-01
3.742127204958709097e+00 1.326552523416165141e-01 6.217843120551825864e-01
3.525418501215488831e+00 1.256766074391545140e-01 5.459220594205898003e-01
3.507887429007223279e+00 6.900300927102377690e-02 6.473805571279324100e-01
3.391575903856482554e+00 8.691250046716597621e-02 5.455691661241123258e-01
3.421572720894570985e+00 9.400856313671740461e-02 5.374468874383478978e-01
3.597455285157530547e+00 1.083974261615391482e-01 5.233114683929334099e-01
3.735561544881503160e+00 7.468524795659350901e-02 5.582860437451649949e-01
3.339268520041491328e+00 1.709148839276056209e-01 6.154508632285420333e-01
3.378027753622176554e+00 9.386899259289292752e-02 4.944695521760771317e-01
3.468302429989928992e+00 1.043391913531241805e-01 6.614306409078107851e-01
3.438826589634530251e+00 1.372205360727375145e-01 5.840822468592439254e-01
3.445808544560612141e+00 7.726522628799026293e-02 5.733581720935911896e-01
3.581275337939078263e+00 6.445776314405961271e-02 6.361256897594577131e-01
3.638976702442799915e+00 1.245003159709733714e-01 6.272549151399205991e-01
3.759739607873253675e+00 1.392807094392477241e-01 7.316259136127869489e-01
3.473160322964485403e+00 1.326263480677659645e-01 6.017219507824402847e-01
3.226376878268704118e+00 1.322235625301057260e-01 5.308481091447015965e-01
3.377899144346852456e+00 1.283125455095217582e-01 6.120208702887510732e-01
3.661872018570618170e+00 1.126515059694710857e-01 5.375646129290359010e-01
3.511693379651585900e+00 6.917059925631115214e-02 5.979180995132574727e-01
3.323397476202040846e+00 1.788117362133617994e-01 6.661056239376543786e-01
3.625126703447254073e+00 1.534962121376720612e-01 5.591633490169448661e-01
3.374152637672318100e+00 1.201753314978723647e-01 7.148180850807306363e-01
3.481136124764697470e+00 1.143040604648916381e-01 5.749049147392235604e-01
3.394303428013841550e+00 1.242415607421405027e-01 6.938214195330091316e-01
3.298254306575190142e+00 1.351586597476920615e-01 6.508042488481811105e-01
3.437539651388378914e+00 1.850119191816359254e-01 6.748661128795038211e-01
3.509115846746508449e+00 8.302541314106495762e-02 7.083870393471802807e-01
3.376206111784581854e+00 1.700463314815084392e-01 6.761471528778261186e-01
3.338086150523084328e+00 1.410598495082859838e-01 5.240578100891387647e-01
3.698502306720198973e+00 1.617254392176079858e-01 6.177711657991111771e-01
3.729557381632239821e+00 1.639081966278083669e-01 6.380737019573790025e-01
3.527196161268676633e+00 1.729363737047507066e-01 5.748552854421922209e-01
3.477690441671044130e+00 1.529404839529397431e-01 6.358185341656972245e-01
3.532390155646667917e+00 1.529115406721205106e-01 6.557101327305254745e-01
3.485019274182877602e+00 1.133474228237323633e-01 5.546130658337152797e-01
3.714518953685565616e+00 6.147110221728586260e-02 5.359177931931181638e-01
3.427158451251216764e+00 1.677617733141395229e-01 6.511240083912270826e-01
3.312758559891442189e+00 1.463042905541921679e-01 6.674192992174734496e-01
3.519249549326834980e+00 1.387376352905013710e-01 6.693498195505128701e-01
3.515229670012413710e+00 1.431494131838603190e-01 5.750014535589040854e-01
3.211497334758251831e+00 8.749169555492741779e-02 6.294079373246999065e-01
3.484496456011358045e+00 7.871564006770209732e-02 6.320529586276224521e-01
3.296254464194581679e+00 1.331116338906173646e-01 5.363132798537658674e-01
3.689666027542234605e+00 1.796143411230284037e-01 6.052039985246208120e-01
3.326938339544512235e+00 1.115239215942775697e-01 7.327794848806375994e-01
3.364665298266069193e+00 1.021449464280543007e-01 7.225202749433957683e-01
3.134825758781136340e+00 1.646185377743639711e-01 5.599045672260294371e-01
3.560499900911019644e+00 9.126602350539481101e-02 5.786535516112456534e-01
3.630932505746856886e+00 1.021566686941538238e-01 6.090283278524160071e-01
3.253143998569431705e+00 1.750833049466713753e-01 5.727583434602924184e-01
3.404346541154466887e+00 8.389364238289334641e-02 5.371146832346239686e-01
3.623489855712488605e+00 1.534200722544729611e-01 6.694818101108295227e-01
3.529296354673101099e+00 6.358510091201216574e-02 6.108681151832997536e-01
3.331707615714463167e+00 4.922020047042424684e-02 5.943958231970635220e-01
3.382684417701305790e+00 1.134575540386676962e-01 5.096983596981881082e-01
3.410459080944752142e+00 1.440140577795954446e-01 5.641938899740885915e-01
3.535437997437244739e+00 1.146742783382899422e-01 7.074351283140749569e-01
3.334702986786449053e+00 1.738980979781487579e-01 6.442124278547465277e-01
3.691878358627091128e+00 6.807886138279921340e-02 6.448308712353292282e-01
3.751221024030688689e+00 7.592052819545672127e-02 6.468359331205104645e-01
3.604194947605178445e+00 1.669698621803896166e-01 6.075807691927515020e-01
3.581684889235212221e+00 1.263830074717742780e-01 4.413211705616648661e-01
3.633335616610513519e+00 9.831852635878478297e-02 4.948673011156490276e-01
3.254305965148052149e+00 9.206748529830301175e-02 6.027571431401621549e-01
3.699361580575724950e+00 1.478308769137526568e-01 6.646370406347921200e-01
3.404677511703730008e+00 1.552915514949307074e-01 5.824414611426177446e-01
3.692736557104165485e+00 1.247542391663168382e-01 6.377173332935409666e-01
3.570956346482042409e+00 8.639256752845092535e-02 5.908082130210822180e-01
3.505016424789803686e+00 1.072730182079049410e-01 5.491395406624252074e-01
3.709825344467449160e+00 1.467127309943395685e-01 6.376569370359301825e-01
3.476406273592673735e+00 8.114769273297728347e-02 6.083850189736065284e-01
3.491124273091724461e+00 1.335606689179120454e-01 5.686390973817456729e-01
3.547551515008257272e+00 1.405584875954549173e-01 6.228514124851372014e-01
3.443454735241330056e+00 4.535833908621418609e-02 5.813610989460855638e-01
3.448609734700744500e+00 1.132262669879627870e-01 5.490625890794917918e-01
3.301314459187184802e+00 1.630026140410364976e-01 6.485458408984029477e-01
3.173037290003465127e+00 1.051600793461964639e-01 6.903568123926784317e-01
3.492211204669223967e+00 9.156943315866526711e-02 5.137357678089358171e-01
3.679554302322794790e+00 6.286162677730189330e-02 6.508367644900555637e-01
3.618698823048752011e+00 1.364582018348766135e-01 6.307398345877293089e-01
3.559752923300322891e+00 1.413674157026017786e-01 7.470997948417157364e-01
3.306564525789549958e+00 1.279795101381075717e-01 5.709401227261836631e-01
3.215965118287424040e+00 1.099709597648330928e-01 6.031769997365262759e-01
3.323012376744374663e+00 1.147062530042557288e-01 5.339002926513936043e-01
3.297828946781584669e+00 1.397888843597314967e-01 5.966287220290910076e-01
3.624839541167252488e+00 1.479721616467817857e-01 6.178887926792701046e-01
3.198931206183321940e+00 8.942755158204154786e-02 5.776864796284814085e-01
3.845324700009017604e+00 7.037731072323982762e-02 5.540202745217174263e-01
3.706882219588576444e+00 8.666211632154380284e-02 5.591970973327133887e-01
3.133034290641893538e+00 1.311139850148377584e-01 5.827512607850678927e-01
3.498278124828960500e+00 9.036831606237005765e-02 6.039497652968954799e-01
3.552503944673322422e+00 9.129661274648141756e-02 6.314778393436970561e-01
3.454881675254195539e+00 1.434621815298638414e-01 7.190851968402351968e-01
3.611668368017523445e+00 1.213628553684927835e-01 5.767152603461754845e-01
3.271337691138738624e+00 1.196910721305299852e-01 5.614192015874777120e-01
3.540109707261284377e+00 5.265066102797252845e-02 5.488651404621730512e-01
3.206131301557430646e+00 1.452327396702829676e-01 6.053859677532891226e-01
3.762980744483866324e+00 1.311846911485344824e-01 5.289047862733140537e-01
3.874636497293195259e+00 1.227211073541911862e-01 6.409246264450928487e-01
3.328695431857834119e+00 1.031148509962646759e-01 4.811637279942094225e-01
3.381075724187018405e+00 1.277308015738171931e-01 5.237295676293660662e-01
3.567817636918557689e+00 1.189791404966909355e-01 5.792773287776328273e-01
3.806546692888735706e+00 1.389707324966364954e-01 6.075760905842120252e-01
3.640855758918543295e+00 1.330888768919488985e-01 6.460972177468589095e-01
3.187702545843660751e+00 1.427784922266846779e-01 5.354783112825710623e-01
3.515191607816652297e+00 1.015691252831058544e-01 5.762092846219638576e-01
3.508590764814519147e+00 1.447363515796981637e-01 5.304783865128173126e-01
3.238463209135012288e+00 1.274474844525988193e-01 6.183163221619009109e-01
3.441063424647777147e+00 1.052160940415447221e-01 7.263485419804539545e-01
3.369563579275588250e+00 1.140701934846620330e-01 6.486060470355385910e-01
3.519407641811271859e+00 1.398944265028540801e-01 5.211547190076514235e-01
3.181222370887526907e+00 8.746978236679828211e-02 6.114935002019205035e-01
3.421444151668103117e+00 1.971341360679349786e-01 6.212977424811269023e-01
3.388540060590825131e+00 1.580123594993740888e-01 7.284278347980642776e-01
3.616069897793497301e+00 1.123832232311294393e-01 6.944058382275166696e-01
3.433669947953016166e+00 7.744745665254085254e-02 6.218011899951454424e-01
3.503714526179269484e+00 9.162707686089086034e-02 6.206490113600451330e-01
3.514436985076531350e+00 1.446778820908547758e-01 6.404693918189087176e-01
3.317158126126543038e+00 1.450365792911734175e-01 5.866533055781564254e-01
3.760151044426581546e+00 1.277150600984082729e-01 6.029932413765158872e-01
3.363676371495627482e+00 1.341660855963362209e-01 5.964548286177110414e-01
3.557991020394034809e+00 1.362559112833453268e-01 4.883841517672565802e-01
3.472124323930927847e+00 1.505209010487158217e-01 5.244388814744251892e-01
3.285825680493516643e+00 8.525779241506595274e-02 7.306828371529480171e-01
3.599769960138975655e+00 1.374363673063191127e-01 4.921181514900991316e-01
3.516725893097453870e+00 8.539670707054292098e-02 6.685944697705943351e-01
3.553126539184980448e+00 1.831788106097413382e-01 6.414796793534873753e-01
3.338139145784105200e+00 9.832252821045436852e-02 5.887801593311765558e-01
3.206156222240672982e+00 1.656882429260587708e-01 5.034842427540754395e-01
3.233517108748299673e+00 1.310834014313944085e-01 6.683432064434898789e-01
3.523877633626918637e+00 1.505265337823271932e-01 5.068477923772896077e-01
3.692856057231233891e+00 9.732043053202470151e-02 7.012198265781427464e-01
3.552851347806428972e+00 1.428806196840178566e-01 7.040444486023786919e-01
3.667499431768906692e+00 7.874958788935049192e-02 6.686243049498361568e-01
3.503047016990165741e+00 1.208281717604197669e-01 5.361160609091892848e-01
3.459303414864437709e+00 9.387166134614143009e-02 5.785269625654484438e-01
3.249243944879911083e+00 1.263144864669479561e-01 5.612914867391562979e-01
3.610627772547620573e+00 1.187312436368101604e-01 5.901506182328507544e-01
3.691262202068605447e+00 1.287230754063918847e-01 5.667716501701073328e-01
3.484064485165663250e+00 8.388367065127910749e-02 6.281971304355483676e-01
3.337274361020813984e+00 1.227318715802269145e-01 5.347002682344090818e-01
3.619372861009715781e+00 1.225334041916412847e-01 5.029924889480686945e-01
3.566631666972624792e+00 6.318245994606050409e-02 5.806441049083680417e-01
3.437617945347502868e+00 8.074174862267030628e-02 5.758907844360342532e-01
3.648864418644702123e+00 1.067846473165356413e-01 5.359028894248618613e-01
3.302096611240330049e+00 1.146569488285729965e-01 6.278550597326586491e-01
3.174371421054034137e+00 9.518231427541801182e-02 7.211677626554797715e-01
3.454630031420864000e+00 1.291000785797416783e-01 5.578254120006208572e-01
3.441775134434846617e+00 1.674272492307643523e-01 5.985533648134235829e-01
3.419457567568865652e+00 1.199405190769230328e-01 5.491473635384617191e-01
3.617639693593004857e+00 1.195167511207439193e-01 4.682362151538382311e-01
3.630493115062953358e+00 1.215626351806493310e-01 6.665938699857824057e-01
3.615297677338941362e+00 1.025718497562900788e-01 6.507538947855568967e-01
3.376794390441504756e+00 1.636906913685839682e-01 5.721390430846107211e-01
3.918581740207494057e+00 9.680909426207995327e-02 6.085342406408255078e-01
3.326177830008317571e+00 1.163898255480895622e-01 5.813930586623018426e-01
3.841876425901874281e+00 1.182716780818279523e-01 6.003526253611110031e-01
3.586257118203178607e+00 4.770862313218493522e-02 6.136009012105138050e-01
3.404314752679818756e+00 1.145841968340733374e-01 6.207983844115072536e-01
3.253456664924053499e+00 1.372136951932852178e-01 7.414552435504134786e-01
3.388334057746483108e+00 1.647775698832029678e-01 6.873511683945983108e-01
3.517899871310763427e+00 1.234247852248249455e-01 4.564000240682796194e-01
3.482321363775938039e+00 9.228157341404000236e-02 5.430373354974736833e-01
3.320723544173571185e+00 1.040976376757791616e-01 6.207550726668050745e-01
3.529742758469537112e+00 1.227072079760247597e-01 5.983104108049276393e-01
3.572756570725775571e+00 1.057503866047281305e-01 5.583290037127840444e-01
3.579085105078061435e+00 1.199222725800443839e-01 5.437061104652457511e-01
3.480130274984076788e+00 6.775710983108232388e-02 5.375819996265591705e-01
3.262357020220685300e+00 7.705480868375699788e-02 6.179477481155843943e-01
3.749778835383049458e+00 1.049243323094698754e-01 6.318939466718769271e-01
3.611155851214735701e+00 1.140068722390463474e-01 6.916861589820364475e-01
3.371841959743130612e+00 1.015306454165861710e-01 6.030402869577017322e-01
3.125375547057000603e+00 1.471152374538857999e-01 5.816380424273580596e-01
3.584321950973525350e+00 1.617201124707813020e-01 6.948383126699363421e-01
3.638045825374345732e+00 1.296728856268947738e-01 5.937866785640377731e-01
3.618462856389101923e+00 1.082797866109566493e-01 7.311702569000468888e-01
3.364903704489932146e+00 1.292043737194985276e-01 5.887118864588314349e-01
3.454372094843619401e+00 7.926977418802749753e-02 6.975037362467974011e-01
3.834274758017250040e+00 1.552528872656106507e-01 6.320542957245671722e-01
3.343908992355202781e+00 1.507144299056485393e-01 6.306158939009807174e-01
3.573409521705098513e+00 1.316676885047022572e-01 6.204155638303632259e-01
3.508816482854043795e+00 1.211923847659459180e-01 6.055560060357070284e-01
3.359091205780802003e+00 1.175481525512427489e-01 6.385995785316742612e-01
3.823226924980640540e+00 1.238671360876489602e-01 6.232375354158974368e-01
3.421149849218774186e+00 1.393880850928549964e-01 5.840753463087866582e-01
3.288114955459058297e+00 1.353643343825112755e-01 5.746807136696095997e-01
3.550901746174855766e+00 1.303098922418430838e-01 5.619772420520816603e-01
3.206045091558683779e+00 9.777492635449282210e-02 5.628059196882646553e-01
3.200635768411583815e+00 1.166930338948463652e-01 6.124725806398555461e-01
3.317812266287740730e+00 1.771003022949335093e-01 6.251881059597313994e-01
3.654022550161568184e+00 9.795722920889657348e-02 6.052093540953580320e-01
3.688914886308546581e+00 1.149012055386430947e-01 5.224695284639317983e-01
3.378105776708244523e+00 1.310139910450325851e-01 5.861044195812190605e-01
3.707973816249513721e+00 5.356477982096770341e-02 5.876019336154532091e-01
3.718411926626586705e+00 1.390733667863202072e-01 5.571827630164989387e-01
3.391555228990465132e+00 1.270517986579846048e-01 5.727011317709906901e-01
3.550846651895398054e+00 8.793829145326809149e-02 5.615014838050647050e-01
3.399872809669883811e+00 8.440387739504662257e-02 6.031518991817819142e-01
3.600773249617692073e+00 1.585759742582988352e-01 7.083320503211953945e-01
3.486259510226448644e+00 1.749734960546418527e-01 5.322710631122453684e-01
3.658177802155725189e+00 1.059031137206803558e-01 5.813814527461785842e-01
3.481433934902542049e+00 1.198942309705086223e-01 5.694623784479349027e-01
3.727593269327023062e+00 1.450743360472267207e-01 5.263014393218395925e-01
3.633053304324024957e+00 9.576141458285218622e-02 5.908103266886529648e-01
3.297230838893824512e+00 8.049347825836405956e-02 4.806532245357919009e-01
3.684218798027269592e+00 1.106080282452830688e-01 4.817724251344138175e-01
3.473206395969470339e+00 1.301277166920766226e-01 6.286399769982862207e-01
3.496255259892928624e+00 1.601744284694271714e-01 7.005311754292692372e-01
3.405828897432133573e+00 6.553061889153556641e-02 6.707479746789187791e-01
3.201723739100945210e+00 1.445810920308002456e-01 6.183351699812864588e-01
3.382689095334280971e+00 1.004908008605200076e-01 6.405394109129572966e-01
3.635066290228698094e+00 1.136474205964670553e-01 6.267020635078184299e-01
3.699062822171098386e+00 1.212278702237516992e-01 6.772857641874624468e-01
3.339214286662840703e+00 1.220042241649185177e-01 6.171306098682944885e-01
3.298628263344047795e+00 1.431896757294218725e-01 7.122268501029996868e-01
3.744191734269529448e+00 1.706792030583876851e-01 6.606560481424139653e-01
3.453185012177297786e+00 1.352728730182463091e-01 5.890982564782558661e-01
3.232121678737399417e+00 1.197035873515983201e-01 5.906394733573091527e-01
3.558786291893595966e+00 1.003020043371866676e-01 6.781739684302507953e-01
3.725320912899825032e+00 8.205524974844635722e-02 5.136013209096150778e-01
3.380081070055831027e+00 6.563573331418781631e-02 6.015309675692850355e-01
3.407114728833129380e+00 7.426044074330628852e-02 5.402304092288695569e-01
3.782067418700793215e+00 1.346213026652272604e-01 6.162874810227226829e-01
3.351453799145471812e+00 1.292040921865363345e-01 6.241983830642491293e-01
3.577114355485651931e+00 1.232969259385563315e-01 5.447572556831679069e-01
3.381062352318201736e+00 1.183207167989939745e-01 6.239213804642436134e-01
3.675135892004408156e+00 1.266833004262361839e-01 5.383722391523483308e-01
3.773207794757954758e+00 1.381267026895530714e-01 6.764961451325350872e-01
3.422325750672452926e+00 1.289931468557954652e-01 5.915621372768256059e-01
3.184142884547537022e+00 9.884796456869571202e-02 6.127660460296021627e-01
3.710850413165378114e+00 8.257842708305933310e-02 6.345913508339129372e-01
3.453423197375784959e+00 8.318851464059834333e-02 6.001639452473724878e-01
3.736998467148687553e+00 1.192312775698677746e-01 6.226635249825573926e-01
3.428963642554813784e+00 8.091235720824077604e-02 5.387081297786124878e-01
3.367957574961336409e+00 1.134259089526904879e-01 4.872008479384857815e-01
3.741142386379013640e+00 1.275912629855408820e-01 6.516972741192476049e-01
3.195932198813058900e+00 1.449590519050147630e-01 5.967587362012225505e-01
3.606808839953006274e+00 8.002193213703745478e-02 4.916642328653733629e-01
3.383064765953704534e+00 1.697400056296935467e-01 5.962169071432649181e-01
3.760954337714358608e+00 1.581182573356834653e-01 6.903259665022728475e-01
3.356334155771559136e+00 1.137562464540991525e-01 6.582479528454395767e-01
3.183756067054933858e+00 1.257815516195074923e-01 6.567796847456509601e-01
3.310919699916242909e+00 1.689714198433010239e-01 6.941756029907775183e-01
3.265996424742893645e+00 6.493378368074022300e-02 5.981763926761756167e-01
3.118175100649046794e+00 1.007140660092208234e-01 6.233386473248507809e-01
3.408039833214523195e+00 1.571918655678056220e-01 6.857952335309525083e-01
3.611208439943411452e+00 1.353710474808128561e-01 5.574148860205561107e-01
3.742907796634858730e+00 1.310169207564479965e-01 6.234213571628881567e-01
3.281322285397440641e+00 1.696838823366433879e-01 5.061727258893934378e-01
3.629287478914706266e+00 8.193755178528006056e-02 6.595358252857056458e-01
3.587029652164976490e+00 7.416489671713852316e-02 7.223777653738790994e-01
3.703174655991387620e+00 1.458898046579672758e-01 5.750195745824553395e-01
3.409494884796696823e+00 1.549411882726804690e-01 7.091390532951511450e-01
3.610427396319594084e+00 1.123582675693232114e-01 6.267498352583978916e-01
3.221766095774322380e+00 1.232138474730481992e-01 6.425484871198734460e-01
3.388459799373943149e+00 1.562885183746271500e-01 6.025851951970359055e-01
3.615841092861769024e+00 1.091097313832529031e-01 5.607097640446795372e-01
3.118277295718179687e+00 9.685593812592666052e-02 5.786130888079897838e-01
3.380589903043042632e+00 1.268900594999843312e-01 6.457450419700603295e-01
3.709628782236324529e+00 1.694675619263559807e-01 6.282099792002958649e-01
3.400206712344091553e+00 1.574986056023306991e-01 4.796639525246327307e-01
3.516086172265310505e+00 8.856230370226836346e-02 5.999592822334945952e-01
3.646232307725644883e+00 1.339658425859568125e-01 5.341263057804760406e-01
3.728691636107231311e+00 1.515651641889799728e-01 5.722881892355804467e-01
3.805004356726170656e+00 1.644959192402840609e-01 6.736667535429194942e-01
3.438586428185837374e+00 1.091962995729165303e-01 6.514221774698759626e-01
3.691089329261826979e+00 1.506960369689728518e-01 5.004709021946991410e-01
3.411935761862503025e+00 7.426703462146269641e-02 6.257395121472800747e-01
3.279462180531535154e+00 1.250562267483101564e-01 5.730737301957773422e-01
3.543824265529459172e+00 1.483087475231572583e-01 5.342186009612432951e-01
3.453382979433150535e+00 1.518841387254978859e-01 6.291406879530622165e-01
3.373183907851317720e+00 1.552845492849636855e-01 4.802498511612332543e-01
3.637338096183011960e+00 1.515936867935638865e-01 6.161290281609044239e-01
3.715686713739967839e+00 1.146523673836299662e-01 4.929285822507462611e-01
3.770120648486622539e+00 1.100842274496433570e-01 5.770777116549136165e-01
3.436370671826169954e+00 1.264570323604803093e-01 5.250457059360493783e-01
3.690201200495448308e+00 1.435212680807517460e-01 6.021390530663884855e-01
3.876123359595629925e+00 1.472868827109225509e-01 6.227571560207527668e-01
3.457376176058261752e+00 4.854408742693859524e-02 6.063173402422951108e-01
3.408747320419928339e+00 1.268899705371780151e-01 6.015035032629096889e-01
3.373432924262652399e+00 1.535847896461048911e-01 5.448174204063126469e-01
3.443994994551648592e+00 1.164535355777745473e-01 6.231544848430783379e-01
3.626319597328970357e+00 1.253027063466036761e-01 6.843923018759933141e-01
3.446357777600722372e+00 1.490339842486702593e-01 5.899360105534432464e-01
3.606585034050636018e+00 1.296039963107714632e-01 7.396115469994201108e-01
3.350287315990755133e+00 1.517370953674240797e-01 5.075350911254198349e-01
3.450700144689215598e+00 1.185204243304991273e-01 6.913226494107816977e-01
3.442526152909797688e+00 6.014104718798975874e-02 5.379384194685974396e-01
3.511875973097189796e+00 1.058634523668567085e-01 4.328964187438734124e-01
3.597975695600495794e+00 1.229704385112578152e-01 6.641016797980429098e-01
3.653112355282023493e+00 7.105653384775242887e-02 6.401728654437982557e-01
3.685920018334759352e+00 1.331560976139656849e-01 6.539976028309247846e-01
3.604571833437081541e+00 1.366195743204258461e-01 5.384708605514314517e-01
3.350415755686538599e+00 1.234221363966343521e-01 6.682294824302500436e-01
3.572507497428778489e+00 7.822037968240083683e-02 6.467023317021903805e-01
3.429020058251033731e+00 1.203466226088412416e-01 4.682748162334546826e-01
3.424132357289960460e+00 1.577430811387176557e-01 5.983290391333730973e-01
3.227807741438437183e+00 9.772210330668834599e-02 6.325276287903360828e-01
3.869394160483001333e+00 1.153217748286685385e-01 6.614622959161271520e-01
3.820337632883091139e+00 1.327090339462262680e-01 5.852880739784871444e-01
3.436244490044555455e+00 1.700158494660267694e-01 6.412840370383825483e-01
3.680406208744905872e+00 1.114952279732281948e-01 6.362465991562299417e-01
3.563023263000596241e+00 1.089705608439439644e-01 6.469434017536059844e-01
3.396255271647575125e+00 8.224315105184584751e-02 5.453445315184313191e-01
3.242446138673175771e+00 1.127732506167034715e-01 6.645464029024299446e-01
3.465318887981154727e+00 1.498303656245275062e-01 5.897639960076105359e-01
3.722356216734317602e+00 1.302324161353140552e-01 7.041030061413766639e-01
3.516006002794982876e+00 1.085863148277810414e-01 5.947199570869741159e-01
3.516883350788885032e+00 1.487614838410150353e-01 6.812711123611375763e-01
3.651894876764393061e+00 1.569633892808045827e-01 6.203269844153262991e-01
3.350394398081785852e+00 1.695730731439393790e-01 5.759917619982056758e-01
3.091597064217189494e+00 1.051232060463187512e-01 6.042103788403100362e-01
3.678904018376816687e+00 1.072415874159645954e-01 5.863613462704202473e-01
3.552974838719868522e+00 1.665977802303549582e-01 5.976705610851413830e-01
3.519017271025457028e+00 1.395357206126514038e-01 7.113325205927368833e-01
3.645896287405853808e+00 1.081241441582608265e-01 5.940585357756266172e-01
3.683713756250043048e+00 1.392200960493212292e-01 6.926504453716713083e-01
3.384385533656066869e+00 1.253898234424289104e-01 7.355468541411158689e-01
3.451735468948196495e+00 4.800462849169068180e-02 5.839643039131077185e-01
3.542287529870588703e+00 8.371672949693333143e-02 5.285033960099629891e-01
3.394635584886783963e+00 1.198722175838662363e-01 5.781266602696524259e-01
3.574720261711913594e+00 1.559370114337245150e-01 5.180954009374405533e-01
3.326564218357935143e+00 1.648994885018388867e-01 5.719017411360408643e-01
3.255460633371704215e+00 6.194937163775400546e-02 6.370632642077179719e-01
3.542883096357470674e+00 1.373776987146116679e-01 5.349467345372420635e-01
3.401009954205580055e+00 1.392984574471551884e-01 5.456364425610111812e-01
3.255422159575952268e+00 1.426183283956475589e-01 6.447191569314320025e-01
3.340632749559772741e+00 1.370324458996244332e-01 5.908589995328880073e-01
3.638588853688244917e+00 1.438993071835188153e-01 5.194080168991305202e-01
3.158225481732336970e+00 1.152643896228826015e-01 6.568658513243098573e-01
3.509707686246383407e+00 8.865113226167874172e-02 5.124704140975336886e-01
3.728332643051977424e+00 1.215468042419452221e-01 6.827076684156986319e-01
3.648014363387851677e+00 8.866825345114999479e-02 5.360050736396768656e-01
3.418367617803609537e+00 8.794364441729060622e-02 6.148245137921278802e-01
3.207322212689835972e+00 9.789612862469089516e-02 6.959932196883379385e-01
3.806231801767139267e+00 9.095241689211761016e-02 6.172857266177615987e-01
3.475924352727946420e+00 1.404768072698071579e-01 6.120624779019856465e-01
3.282787894320061017e+00 8.904208999510757061e-02 6.478199420070508419e-01
3.555938498314557439e+00 1.299117381912488489e-01 5.672412798776419462e-01
3.646170255251372172e+00 1.283649969132860946e-01 6.227001027022314172e-01
3.399241831802032987e+00 1.363062582498084097e-01 6.387810051593711957e-01
3.575631778748719292e+00 1.375068284820165632e-01 6.016319593823850065e-01
3.289829745336832367e+00 1.677117940440552568e-01 5.367342306851263789e-01
3.739776485892954305e+00 1.302457554780162563e-01 5.882838008153693510e-01
3.342682534648914849e+00 7.932054952040334950e-02 5.486263876147685625e-01
3.620290655165506077e+00 1.624324932968574664e-01 5.741076877441874116e-01
3.617979398605446928e+00 1.228562634468628179e-01 6.204842934776971797e-01
3.605569631287564913e+00 7.078012905019301360e-02 6.174131278765859765e-01
3.516952460466017172e+00 1.941050541175372013e-01 6.069403560634397676e-01
3.332309674880533201e+00 1.879488189551949406e-01 5.466658875239418514e-01
3.632824516107273194e+00 1.613997923028060166e-01 4.993040301248356516e-01
3.820583835529808958e+00 1.184369816030576561e-01 5.441229998824298475e-01
3.488233507687432677e+00 1.102047866328445119e-01 4.738831858063528024e-01
3.633912731146102804e+00 7.136671405001654422e-02 6.424458278386603327e-01
3.872139609095375690e+00 1.135342451357801985e-01 7.016649161182128003e-01
3.287363526320891793e+00 1.389497925136397583e-01 6.204715337453855506e-01
3.547320177707994127e+00 1.506722020323062738e-01 5.147548678696853841e-01
3.226815312242708345e+00 1.547196170926100622e-01 5.829889607958044229e-01
3.776359065585632280e+00 1.834234151738072249e-01 5.823375683417808535e-01
3.762388444968983947e+00 9.533234781731189655e-02 5.814778304480779925e-01
3.347415191673523083e+00 7.619231821009289640e-02 5.140071137476953655e-01
3.362118253017359670e+00 1.172314880497118961e-01 5.335177936834488710e-01
3.328788394080577806e+00 9.961617233814651362e-02 7.144759688390865948e-01
3.467963264699871484e+00 1.059030102856784727e-01 6.456701127242039373e-01
3.255835423513463223e+00 9.434338340522196997e-02 4.863352522327746841e-01
3.511530285030751042e+00 1.301243896797417698e-01 5.909267340565423909e-01
3.278085475747549271e+00 9.668977380940782518e-02 5.869871334541493235e-01
3.553189523733139676e+00 1.362442995901735066e-01 6.304811067047698669e-01
3.372062459039297355e+00 8.994244749442294184e-02 4.565565384922538605e-01
3.479230991170807474e+00 8.977630676298151147e-02 5.491391725730129236e-01
3.326203697568276940e+00 1.358374965520698086e-01 6.462553445706870070e-01
3.315026427596638126e+00 1.531896637682294560e-01 4.913233501362561650e-01
3.502406380520708407e+00 1.433215161435980878e-01 6.504103854316456435e-01
3.564516352948454259e+00 1.093002553938561688e-01 6.066779292489201669e-01
3.149663505712875011e+00 1.471231288145103400e-01 6.779734347514526638e-01
3.432611467311589948e+00 1.710488163177142362e-01 7.028660364865595422e-01
3.260211974090769793e+00 1.411057878942912625e-01 6.232845167171300327e-01
3.426105474355845004e+00 1.064220873765470976e-01 5.908220648182133106e-01
3.420456070874557497e+00 9.689070056682450027e-02 5.739398824117583064e-01
3.341501448753764869e+00 1.565657238536208029e-01 5.618940080443857177e-01
3.351602379373535445e+00 1.057240138857064166e-01 5.797896296220812484e-01
3.439313620984854492e+00 1.365788495985638118e-01 7.184502596088869764e-01
3.594149616106452783e+00 1.430063497771824343e-01 5.665130045650282886e-01
3.521203886475811284e+00 1.251675918496157891e-01 6.500213928466931357e-01
3.839067320434133013e+00 1.170449012170443615e-01 5.739887128122381776e-01
3.405401283814515345e+00 1.178617336356446860e-01 5.633347689386546397e-01
3.654516474886496891e+00 1.794601156685217969e-01 6.629571214965637171e-01
3.306356881914314094e+00 1.788219591815842224e-01 5.904526127060757412e-01
3.570819756850619253e+00 1.097151164030180787e-01 5.464730416652670009e-01
3.357493317905524410e+00 6.622399679489522628e-02 6.888928222520572797e-01
3.464422954542559552e+00 1.224992535676605876e-01 5.784931291110185780e-01
3.510701057605464470e+00 1.375198174084535374e-01 5.237753860520442117e-01
3.786729168956470382e+00 1.188865012298457313e-01 7.202623145162417861e-01
3.585546331196979075e+00 7.194373973252385368e-02 6.377811680477170064e-01
3.701111878538946964e+00 1.393040234711687697e-01 6.649947064316806822e-01
3.202836098872379633e+00 8.606514509531368318e-02 5.393641103221520350e-01
3.749882599483024936e+00 9.304132174427873214e-02 5.949393395968879394e-01
3.771119119909381645e+00 1.336079674028770037e-01 7.217280959845134847e-01
3.558933444796399836e+00 1.151931019962561115e-01 5.865378540441298361e-01
3.604881577785216340e+00 1.203781110622562517e-01 6.990719800138015527e-01
3.394910935191975732e+00 6.497895675080045397e-02 6.180446517082811564e-01
3.230702846321718447e+00 1.201428558189712587e-01 6.249355365954960551e-01
3.485790139989866532e+00 1.591149028377894514e-01 5.473594466528767244e-01
3.145492934044047395e+00 1.399841404996203242e-01 5.990204830563869987e-01
3.356667889123913895e+00 1.333179579426235495e-01 6.455482860877663764e-01
3.443303514005603194e+00 9.023464457483171275e-02 6.477022148059298212e-01
3.240124288764233196e+00 1.472183750688694781e-01 6.894451662739747855e-01
3.557502567069647181e+00 1.571476353411081495e-01 5.762028466461847076e-01
3.693358757885402799e+00 1.038671023874196270e-01 4.924030782521341409e-01
3.610211704946224121e+00 1.418238765047355465e-01 5.554436939716138610e-01
3.114672224353775665e+00 1.028768032901625912e-01 6.656338368079158796e-01
3.532798849489904303e+00 1.420443362301178070e-01 6.111412535863876005e-01
3.369263397179154573e+00 1.127336780768245783e-01 6.309136406925470730e-01
3.431594789931243561e+00 6.750890362960634827e-02 6.474206723613413761e-01
3.714644893238114420e+00 1.253811718388485319e-01 6.238850176730473818e-01
3.449199957555788121e+00 1.307326518080680899e-01 6.358879512020156888e-01
3.456621524321244365e+00 1.092849381890650950e-01 5.147665450063595438e-01
3.394256415150350481e+00 1.300946160840533994e-01 6.157212761546156932e-01
3.324267369550985229e+00 1.428697399612101349e-01 5.551632475824552770e-01
3.491442370756195679e+00 1.033982065727228894e-01 5.138968445466965962e-01
3.660575854782229133e+00 1.155861717129100102e-01 7.530868623010337215e-01
3.417220219085401745e+00 1.551872252403973251e-01 6.090640398457546345e-01
3.092914806422143226e+00 9.572448842325265161e-02 5.559258406614708825e-01
3.708572250335815834e+00 1.804045004068478564e-01 6.093437250744776490e-01
3.753517274357819566e+00 1.308197306369523194e-01 7.343622312081695691e-01
3.459585730558605299e+00 1.571248548016645485e-01 4.566575826270493077e-01
3.417427445937340380e+00 1.354267942090368326e-01 6.243171987694883240e-01
3.324221362904157040e+00 6.502955832380066803e-02 5.863537700145466935e-01
3.378850611615248134e+00 1.699900759023959262e-01 6.907397194166666754e-01
3.480226729169350719e+00 1.076010937179303767e-01 5.380679004945279065e-01
3.727173361669414930e+00 1.214185532046490879e-01 5.764305386734615011e-01
3.386277349942552028e+00 1.305766091009030738e-01 6.506483589200476869e-01
3.585471879376628479e+00 1.180887794800228596e-01 5.661366909160587824e-01
3.738421850555252668e+00 1.353680924405118724e-01 5.248654864029324019e-01
3.584398284690664571e+00 1.275363919644733335e-01 6.115345122163635683e-01
3.594293833037180530e+00 1.265926902893098893e-01 5.937343284851658298e-01
3.458380323051322591e+00 1.431704108466695380e-01 5.545926366152027498e-01
3.330988500203483138e+00 1.035625744755980515e-01 5.470569227688798497e-01
3.713336291023572766e+00 1.070823316464861730e-01 4.797620913084230110e-01
3.719796024324162342e+00 1.725146579612626685e-01 6.752687678791514658e-01
3.463760075699527263e+00 9.311309341761390967e-02 6.346338690124531112e-01
3.426288169230862657e+00 1.558753134114564398e-01 6.110022646316005668e-01
3.614811055959356256e+00 9.670889152558150015e-02 6.262309014065706725e-01
3.716011548643203266e+00 1.366256489450850264e-01 6.093637589876391703e-01
3.616020047094480550e+00 7.217559498081517477e-02 6.026262873062293579e-01
3.465302211930500587e+00 1.156817407549423915e-01 7.431104483240396075e-01
3.454954789750310340e+00 8.913786985406599306e-02 6.881666610468066825e-01
3.718143629076796408e+00 1.572834783269282943e-01 6.383319142469069396e-01
3.479464342520339315e+00 1.261156384029171185e-01 6.176137612173263625e-01
3.519097970996614144e+00 1.020930343491372044e-01 5.752025588977068837e-01
3.346768731326613011e+00 1.539215522304252515e-01 6.196869831722005006e-01
3.230945131324973296e+00 1.137321179725156173e-01 6.023140359331004001e-01
3.506988371943261740e+00 1.185272912902303882e-01 5.936846785335718746e-01
3.541096006904410398e+00 8.148246394699935891e-02 6.151593152183350011e-01
3.414865389478681568e+00 1.411913930493977620e-01 5.976707806293335423e-01
3.653733813093328120e+00 9.506985762455846811e-02 6.104315870630464547e-01
3.639558666853943691e+00 1.254535913196092312e-01 6.832125265213782050e-01
3.688170457335137709e+00 1.098485812248715665e-01 6.622960976379974607e-01
3.555888582451993685e+00 6.884385731436921951e-02 5.351864116740679966e-01
3.210340187624225017e+00 1.485559946915514240e-01 5.479704435271534058e-01
3.597830340308894481e+00 6.835020313328185604e-02 5.042144405065164259e-01
3.385622532789070327e+00 5.697394892644429276e-02 6.255473641303676002e-01
3.434448162703879426e+00 5.647811633739428794e-02 6.080748905025211704e-01
3.222836467857586928e+00 1.476184390201465690e-01 6.062242227580495468e-01
3.451900226710607367e+00 1.020325399136347844e-01 5.133854082683717568e-01
3.834880027060273200e+00 1.259758993295378438e-01 5.317219328964523095e-01
3.637755853465167277e+00 1.480391963017743118e-01 6.012643977641038973e-01
3.324391772585248983e+00 1.114583520689260282e-01 6.374730660888303646e-01
3.418652886712625349e+00 1.179331708935241613e-01 6.298357025070988602e-01
3.637061539452810077e+00 1.308702815184448753e-01 6.190976475926859290e-01
3.367456840000603524e+00 1.319946234944517904e-01 6.304432276517898392e-01
3.717961011047317577e+00 6.929439002345792742e-02 6.415225667370935136e-01
3.763044548450898308e+00 1.326486952931412722e-01 6.373276821122428881e-01
3.585633686982699686e+00 1.317120227684160372e-01 5.261694202092849215e-01
3.197349514961996153e+00 1.099049181623004828e-01 5.963187586165756837e-01
3.427935317321392894e+00 1.780394421355961376e-01 5.849148226677477469e-01
3.204895694801602968e+00 1.399106224745287896e-01 6.533026133923991452e-01
3.413269213127680501e+00 8.491636057303272866e-02 6.433870428267023378e-01
3.726072246953903377e+00 1.435513995627661354e-01 6.749910451837647374e-01
3.689586404834352074e+00 1.220367410468837926e-01 5.492566800869519428e-01
3.709446375492900572e+00 1.286627227917677974e-01 5.601603972031621304e-01
3.308005163533885185e+00 1.382840233457657553e-01 6.924327258943765440e-01
3.542704315756893152e+00 1.201895866958065523e-01 7.287094976165657823e-01
3.518857117243507471e+00 1.527661245006635415e-01 6.369991895872998411e-01
3.329946258984504137e+00 1.165961584001626306e-01 6.848250137533995474e-01
3.616833483127205540e+00 1.279030776862136731e-01 5.965796031708512359e-01
3.208229831746080229e+00 1.140179310258509909e-01 6.258293091398828834e-01
3.582841998278103013e+00 1.222494400040703005e-01 5.522929328844659036e-01
3.359493838531928844e+00 1.114887142421358557e-01 5.746960534555461964e-01
3.608440006783986576e+00 1.585062077326144514e-01 6.791933664517997293e-01
3.217438430602184152e+00 1.442670615377424914e-01 6.329206961913443896e-01
3.518329565811516346e+00 1.430971887549876698e-01 7.223790042313192883e-01
3.349387866797118196e+00 7.419088502476095526e-02 5.274326866751284371e-01
3.071066714412514997e+00 1.167650959869928617e-01 5.681309925247051140e-01
3.423799792647317375e+00 9.764301084239858375e-02 5.687820835673923492e-01
3.624712140107432923e+00 1.059822672370913238e-01 6.087025771767364812e-01
3.479760320030659937e+00 1.299688779775986791e-01 6.277112184479440860e-01
3.532342100085152925e+00 1.362906425245071218e-01 5.559184025521428651e-01
3.512856464273425683e+00 1.103530260376596045e-01 6.210364616068989596e-01
3.703666446278761626e+00 8.153177127010652336e-02 5.968642190047706020e-01
3.683299301516611113e+00 9.092502866143339912e-02 5.460901598949963187e-01
3.332717554237337065e+00 1.638675199239101044e-01 4.982738939090586294e-01
3.598180108112960518e+00 8.942475443131117641e-02 5.931584827759270873e-01
3.577152025270498470e+00 1.285322401520284930e-01 6.762854634745079085e-01
3.573209831928993108e+00 1.396862060451880827e-01 7.115790723750351487e-01
3.620740875996257824e+00 1.310688852788324255e-01 6.091155031739279302e-01
3.411715801281515859e+00 1.162523247127188186e-01 5.949025855943997909e-01
3.437126878035999589e+00 1.083771176247993184e-01 6.084866336782572827e-01
3.148825016904323704e+00 1.105115608485880835e-01 5.446039838715345249e-01
3.489562427269357503e+00 1.157063744896027063e-01 5.902341950445403329e-01
3.578806677766118938e+00 1.643274999839300365e-01 6.177723174406326567e-01
3.491281639993663699e+00 4.793432883262128963e-02 6.203869516752757995e-01
3.471637842993328338e+00 6.452565912119456737e-02 6.406995152644638924e-01
3.141532764933170352e+00 1.102399118750120172e-01 6.094862873773249090e-01
3.721424920881371001e+00 1.188593110278802489e-01 5.515371940379667492e-01
3.561270266587480027e+00 7.499883267861590097e-02 6.077887134912834943e-01
3.651405656786040677e+00 1.443387513909323572e-01 5.546011348740291780e-01
3.488357927060846464e+00 1.481639317829161195e-01 5.783577111792908010e-01
3.601961103609831572e+00 7.711917970765197472e-02 6.378683090135013334e-01
3.602696811154263656e+00 1.278402713718879147e-01 4.699741521695922630e-01
3.552107613685586252e+00 6.669146919311694233e-02 5.652051256129035917e-01
3.618432460254656036e+00 7.018641800873914871e-02 5.573491207886142051e-01
3.899895205497780015e+00 1.510449144637492358e-01 6.030215865630905725e-01
3.424254037147292706e+00 8.771051508356636495e-02 4.734539409594440418e-01
3.732554082903988935e+00 1.210501247537479480e-01 5.883674428521643573e-01
3.413361977488265087e+00 1.035094017761790941e-01 5.951283867472173528e-01
3.551119062003697646e+00 1.620921904552823922e-01 5.590633764036015974e-01
3.564956990365140577e+00 7.715620707636847153e-02 6.217228941146499821e-01
3.390636376182340594e+00 1.506315926076079448e-01 6.912798837924230000e-01
3.637841395437202863e+00 1.038513743490957902e-01 5.276675411541505989e-01
3.386856075934344901e+00 1.005701711162538259e-01 5.663173723937937609e-01
3.546761873975396551e+00 4.700487602188616054e-02 5.791943404742356805e-01
3.584285063844930175e+00 1.141916121238566034e-01 5.671131913093975241e-01
3.323703353501414881e+00 1.008141819734598155e-01 4.681867130715409164e-01
3.302573140108131522e+00 1.079503167772023348e-01 5.771561161383936822e-01
3.304356158189682535e+00 1.317193646834130816e-01 5.885831486311043914e-01
3.416664755270120146e+00 8.358096166488218626e-02 5.906594584257072178e-01
3.729656183553107685e+00 1.466100433797885294e-01 6.302899833167064925e-01
3.590947738328616801e+00 1.794835785366983849e-01 5.735045013675561520e-01
3.488568890535633127e+00 1.467283637900685944e-01 4.784865175810257831e-01
3.723833461610415174e+00 1.047681873979153661e-01 6.559647877907381908e-01
3.728440774447469686e+00 1.005047783443465126e-01 6.707024028097715584e-01
3.385858580886901947e+00 1.369987581136443977e-01 6.209412791580606328e-01
3.233205808445346996e+00 9.351710046924972819e-02 6.669251210205886515e-01
3.083265339923837445e+00 9.382847733435116522e-02 5.728970679213812867e-01
3.912462866671372552e+00 8.635980854717353883e-02 5.808853322521867479e-01
3.785587413968330761e+00 1.487343352109539163e-01 5.304806009428800762e-01
3.682772289766750529e+00 1.246694967102694035e-01 5.830484533232423994e-01
3.505958926661045805e+00 1.400599799807627222e-01 6.941065918641939891e-01
3.523740836972142354e+00 1.348793341370833343e-01 7.254720229358544437e-01
3.143701884926240364e+00 1.680417166509730886e-01 5.989159221570622416e-01
3.622349498303110149e+00 1.518698570257635272e-01 5.991680219133820318e-01
3.365151886515599156e+00 1.475733261718474298e-01 5.764856495548676962e-01
3.886397969899438198e+00 1.411085996284158484e-01 6.460499345602249699e-01
3.699805869148220516e+00 1.132729948082423915e-01 4.973469137732972056e-01
3.337633117712810460e+00 1.287983206455234342e-01 6.839576792827573026e-01
3.162198777564226848e+00 8.680354026615975938e-02 5.600609719599435321e-01
3.572990201379568465e+00 1.657796148066223441e-01 5.827485726623223838e-01
3.209965932077964545e+00 1.243205632751723522e-01 5.838504379668169042e-01
3.592546068878961218e+00 8.285473783053004526e-02 6.012747604277498548e-01
3.403490952134404779e+00 1.039448358103303161e-01 6.377840241992666082e-01
3.626677673811900426e+00 1.866569636913362196e-01 5.821196583814338688e-01
3.684341657648754431e+00 1.432715606052892832e-01 6.365244815196859918e-01
3.272880431360008835e+00 1.460758980655852413e-01 5.919801122780347091e-01
3.134719057478261295e+00 8.360169430025365944e-02 5.780778255364470430e-01
3.339757662340059774e+00 1.390771502233542067e-01 6.527232356749763653e-01
3.552440376035344016e+00 1.532554132323376006e-01 5.919579997593893417e-01
3.707381190015239802e+00 7.481896919735839258e-02 6.022278453712623936e-01
3.494959927722279147e+00 1.358300225933898875e-01 6.908303976272113234e-01
3.385429419890506164e+00 7.150974015563237030e-02 5.290329903233643716e-01
3.368300933156458399e+00 1.781380340528386230e-01 5.107355178889759761e-01
3.859654354938621523e+00 1.224961656237060631e-01 5.616078001943085596e-01
3.313318774339953254e+00 8.934388997468903360e-02 7.035475102495077904e-01
3.442976055121531154e+00 9.326785575488009961e-02 6.407328965055870684e-01
3.588506345665182451e+00 1.027222157627092486e-01 5.577460039575213857e-01
3.576571621993142713e+00 1.013237186719003619e-01 5.446096421092161410e-01
3.205301825945720218e+00 9.719110697247831943e-02 6.138598052759001167e-01
3.512082273753059258e+00 1.410274684769651510e-01 5.597369229865638562e-01
3.678150627644128257e+00 1.134361576027638763e-01 5.127238231091207910e-01
3.452564524080388164e+00 7.740216656884209290e-02 5.904647757320132806e-01
3.696328426145743418e+00 1.015010381963534075e-01 5.479558535448665335e-01
3.742899429216218543e+00 1.440945159896835082e-01 6.402605224405084616e-01
3.647693325021942101e+00 1.406299027804329971e-01 6.026794461408671033e-01
3.546219773705640677e+00 1.561552315159275284e-01 4.923063043404282135e-01
3.640526926296806298e+00 1.464900326667158414e-01 6.159376158259896039e-01
3.499444150277583265e+00 1.618910361092665839e-01 5.172126777503891493e-01
3.716520687242997223e+00 1.373149909441385985e-01 7.104175067668171417e-01
3.509985832608124134e+00 1.329748154884355105e-01 6.825816703194762525e-01
3.814106210911520911e+00 1.413227405843768825e-01 5.131176391892438016e-01
3.471259987364320843e+00 1.054023837581926915e-01 5.261552805726910087e-01
3.324660175896157366e+00 1.442595835481816913e-01 6.226861838390513881e-01
3.565632517544300661e+00 1.181541704688141847e-01 5.507046280071683508e-01
3.281478990355935377e+00 1.377678806788559251e-01 6.534577266322177946e-01
3.341423987352043490e+00 1.389541295226953965e-01 4.642680574432632712e-01
3.419228550666613575e+00 8.375617125926577977e-02 5.005762528399568811e-01
3.479084784574102418e+00 9.976259427882497310e-02 5.770010086939834082e-01
3.344384986617360944e+00 9.029145191083041977e-02 5.548922090832105747e-01
3.458098205451280549e+00 1.204903885694450921e-01 5.876555600238572152e-01
3.688943074073713468e+00 1.195013987889532864e-01 5.298859021259398894e-01
3.733953179233885145e+00 1.162510313909034115e-01 6.326799861614877951e-01
3.395401748491877036e+00 1.021368066895368271e-01 6.175773983866332806e-01
3.361333374753221470e+00 1.270288245171854735e-01 5.122079424748338106e-01
3.651947289732968116e+00 7.494517101352554667e-02 5.222707740347667382e-01
3.487743651131351985e+00 1.529387545168910123e-01 5.356998689208612996e-01
3.396681297713531666e+00 1.155620998031862828e-01 5.647105196404612615e-01
3.395298966469337376e+00 8.551309081338726026e-02 6.587992733093318565e-01
3.548114125598728741e+00 1.203791189997970024e-01 5.637451630109643341e-01
3.325288592703442792e+00 1.069393123777012122e-01 5.976777183812000960e-01
3.389777777333859099e+00 1.561466005536117363e-01 5.146040433873173559e-01
3.274724386278760058e+00 1.025405400490076308e-01 5.939396125472133914e-01
3.330066567697667068e+00 9.323256115929229315e-02 5.573891492493552313e-01
3.575628443059032158e+00 5.984893827569399971e-02 6.630523607850092871e-01
3.505278408125400702e+00 1.301258994256510593e-01 6.043525496719844847e-01
3.198990071431216275e+00 5.786076790670983960e-02 6.155590888350466194e-01
3.373064781015587599e+00 1.479357635497190737e-01 5.357205672248821493e-01
3.517419174687762773e+00 1.256558899406242658e-01 4.932409135367732400e-01
3.600324958598092540e+00 1.352183769597951335e-01 5.283474754874426527e-01
3.341633584299852799e+00 9.048629743983341300e-02 6.203869204954151062e-01
3.303765934091524414e+00 1.234459322874718185e-01 6.603720050620465187e-01
3.500328631226227838e+00 9.308097563923578566e-02 4.991524093867100720e-01
3.710453064032912973e+00 1.458639959697722033e-01 5.203533745676450772e-01
3.159270936200925917e+00 1.342795475366089231e-01 5.893535207057036818e-01
3.640248589674299762e+00 9.125310487554202932e-02 5.743466884882577617e-01
3.659236259798482660e+00 1.506993876172347258e-01 5.669241367056860881e-01
3.402149964129674853e+00 8.956217098179850011e-02 4.806079559613785634e-01
3.598219019976823141e+00 1.241206797212011936e-01 5.772564593788457321e-01
3.363800668742581657e+00 1.593278249103160793e-01 6.211902543122861386e-01
3.544512603455839628e+00 1.082955714939445868e-01 6.236064998025010464e-01
3.618937710681111142e+00 1.412917441643185279e-01 6.354839784092773947e-01
3.783333465479161717e+00 1.702171191332401134e-01 6.927915834184387167e-01
3.060892041595235646e+00 1.409002619868500172e-01 6.426205867359331414e-01
3.497758238088934046e+00 9.942026403284176528e-02 6.094667470289094613e-01
3.595114015498666493e+00 1.803823513795640987e-01 5.509633270152378692e-01
3.623062921483732879e+00 1.045506482568117346e-01 6.670368759058544761e-01
3.655450064106692931e+00 9.025983074064980460e-02 6.438844517742700058e-01
3.400747392270133673e+00 1.222824744095711569e-01 6.200204849788799599e-01
3.088389726645851319e+00 1.240645393743431690e-01 5.688523556185706154e-01
3.487879694377588713e+00 1.347415403950193435e-01 5.868881105083093574e-01
3.493182475756480443e+00 1.077588830260920588e-01 6.073966918810527194e-01
3.792527108212044862e+00 1.136383266894989835e-01 6.477943850607529308e-01
3.495957040352348333e+00 1.383517699983797811e-01 6.247008797379944856e-01
3.545430818633888759e+00 1.469265913999227569e-01 5.983946308145866588e-01
3.384299181297195425e+00 1.126128447435878754e-01 6.720115224018831102e-01
3.635160089407603490e+00 1.348695233580872177e-01 5.511730578362764588e-01
3.417621872767587554e+00 1.100903324387745297e-01 5.048261421286837081e-01
3.844877713093718619e+00 1.162674817318538889e-01 6.247979416880683479e-01
3.442862372900777679e+00 8.258622491117145747e-02 6.857136132044736598e-01
