3.419957869186294186e+00 1.331693392239527429e-01 7.161074921960312034e-01
3.158880316421478263e+00 1.512710148716077119e-01 5.319162535908924516e-01
3.156219129637263698e+00 1.484910503546352512e-01 5.171499198249778217e-01
3.168821731771221728e+00 2.138743712708998379e-01 7.385094417895815555e-01
3.486881680973716868e+00 1.359396239290070474e-01 5.809885497711101410e-01
3.315281160575167974e+00 1.658200985165565189e-01 5.864333218428460226e-01
3.061072394882141001e+00 1.643317439192235052e-01 6.450139194931543418e-01
3.267172027189394701e+00 1.409431931971731888e-01 5.696063697823564587e-01
3.207901628814931794e+00 1.581668114883280907e-01 4.842391719796630412e-01
3.322927639878452855e+00 2.522994042162786110e-01 6.322825468964731188e-01
3.554004298417086982e+00 1.989290117538889957e-01 6.111623632246258042e-01
3.594332241337382161e+00 1.525865786114843636e-01 5.876011773666121041e-01
3.119176402760170941e+00 1.434957371601343901e-01 7.985353792840567122e-01
3.715630112921519235e+00 1.809183810646399770e-01 7.138719347074325983e-01
3.416684975400043012e+00 1.523666303393508004e-01 5.810574964699330991e-01
3.200086484178216395e+00 1.222305874495092370e-01 7.253688242940163899e-01
3.063263026910057363e+00 1.268565668075050390e-01 6.638637691162805332e-01
3.600041614435086412e+00 1.169108541254400557e-01 5.882795438136996236e-01
3.087791596330179189e+00 2.212950310837128454e-01 7.397260910714000826e-01
3.301991988753427254e+00 1.108190273717276075e-01 7.067519920111451359e-01
3.278898261371910650e+00 1.567738564019562630e-01 5.903126985769632240e-01
3.159996085828721046e+00 1.146175874645423004e-01 7.470914336023842806e-01
2.994046956367838241e+00 1.369242578647060227e-01 7.247166426766996628e-01
2.948423390162150159e+00 2.335343969399656938e-01 6.578390716458782927e-01
3.391499980452713725e+00 2.150138006035896554e-01 6.956707413268832241e-01
3.485139112730575750e+00 1.913193883912547855e-01 6.366437043742368962e-01
3.205126557296674505e+00 1.227971850912871199e-01 4.913446131132883643e-01
3.394847842264038018e+00 1.735923201233137425e-01 5.605808976046751102e-01
2.883725339096073093e+00 1.488156809260504088e-01 6.411049215498976217e-01
3.118291870628529416e+00 1.792786481296538836e-01 6.469915764471625419e-01
3.458288960271004076e+00 1.907857163796794486e-01 8.095374065988824031e-01
3.116594975351297148e+00 1.059708072537594026e-01 6.580375211255773404e-01
3.335808514042513551e+00 1.329252681353429166e-01 7.512059083864661702e-01
3.149472961685319650e+00 2.224507805891091650e-01 5.546918156634321750e-01
3.304919229572229611e+00 9.646738978773918005e-02 8.048686626724064208e-01
3.454823029343203622e+00 1.397691457848307950e-01 8.038662475645631522e-01
3.043204642275640914e+00 8.402459855121784116e-02 7.748150743518513739e-01
3.569034446850659403e+00 9.838606902750743344e-02 6.305016333733520772e-01
3.220343332540616110e+00 2.165887708489780683e-01 5.751346634650424949e-01
3.293884021387375682e+00 1.800575155533183647e-01 6.866504965517018499e-01
3.153797042495579461e+00 1.301846045490296089e-01 6.610127952672956164e-01
3.443816872195285317e+00 1.947741004821311739e-01 6.590791736861730810e-01
3.053718779061391331e+00 1.993572234283971789e-01 7.576484771992930689e-01
2.912304169266929588e+00 9.536221411464795850e-02 6.691687827456453963e-01
3.265194434516832445e+00 1.501321125792729749e-01 7.639477609387008705e-01
3.146262783264296647e+00 1.778299997233253049e-01 6.136409529581189348e-01
2.869977523898948224e+00 1.678179048957687269e-01 5.877077502280936283e-01
3.367606076097995338e+00 1.314631282231058518e-01 5.581407854112599987e-01
3.205667646918373137e+00 1.999994398921093874e-01 4.655039491044164479e-01
3.127703471647273137e+00 1.621828655472902503e-01 6.381011826663032238e-01
3.185169321565747058e+00 7.415006746740712695e-02 6.005119732742947303e-01
3.255824175448716495e+00 2.465973922378740801e-01 7.602621956658952573e-01
3.103187718394600836e+00 6.782559695894760377e-02 5.628881887342750412e-01
3.559768027376793320e+00 2.126620496057615439e-01 7.277171975415130944e-01
3.296711894500934825e+00 1.334890889357787103e-01 6.769724458996192462e-01
3.497457503063124307e+00 1.011551979297751064e-01 5.953401298218109483e-01
3.062304934112167754e+00 2.055243967444516928e-01 6.578057126624751172e-01
3.020278205047443709e+00 2.261450474313152492e-01 5.219197641621414752e-01
3.499578294319176219e+00 1.232992020736402294e-01 5.789600846534456169e-01
2.974419409455566488e+00 2.071740995686214559e-01 5.489005046680894839e-01
3.270201820869120368e+00 1.251421151377698493e-01 6.416644075947659509e-01
3.392057955879761444e+00 1.762446680635384177e-01 7.160530752123572817e-01
3.076142176581769139e+00 1.188738853572794130e-01 5.230586127264855723e-01
3.347819189120370353e+00 1.426746632133998050e-01 6.292235418455210949e-01
3.078999901304988462e+00 1.729585393116988834e-01 7.084933660117723742e-01
3.028394105955040772e+00 1.713012779171169953e-01 7.368732870399136159e-01
3.241168579208669520e+00 1.877402707837579898e-01 5.643189570633020402e-01
3.497413945142826108e+00 1.995577809504562039e-01 7.062666234225690731e-01
3.198421817240737930e+00 1.702146970286292083e-01 7.292386857482678897e-01
3.458545149132248753e+00 2.236491660569961404e-01 5.529716325348398298e-01
3.599549685591089787e+00 2.343234082290297504e-01 5.880548564085196217e-01
3.282546672322173897e+00 1.863223842880066816e-01 6.604911325943377820e-01
3.043587830483491796e+00 1.653800847263260376e-01 6.235995890942510611e-01
3.352947019424747932e+00 2.055294306967810625e-01 5.241382800193269409e-01
3.396545785257594208e+00 1.730927931702267164e-01 5.830602965329749754e-01
3.078233881950286133e+00 1.953776673150891541e-01 6.859677796488854451e-01
3.244061978926305212e+00 7.096785034673569470e-02 7.159361152180176990e-01
3.184706340468505648e+00 2.156925530112826228e-01 6.218926587482996871e-01
3.032095199524938334e+00 1.421782519907648645e-01 4.605552113056177732e-01
2.974378697339679078e+00 1.079479433068918359e-01 5.748137508874971990e-01
2.966190484964365659e+00 2.232869257361037030e-01 6.333940451256894200e-01
3.033375956053597555e+00 7.443208179447066697e-02 6.827752887081861566e-01
3.311530256567410291e+00 1.805797996462357724e-01 7.620594374153963901e-01
3.740990129435210143e+00 1.438646374458239785e-01 4.994832525050791894e-01
3.477375094578566639e+00 1.435400844653109687e-01 5.296733617867167565e-01
3.271060915391836854e+00 1.289759574303618039e-01 6.898280495470717755e-01
3.324577612582154895e+00 1.020505350317091608e-01 6.384182965447688929e-01
3.118174366158912303e+00 1.258207411561692302e-01 7.588019884623153910e-01
3.155408450705185608e+00 1.788445360893756997e-01 4.833151148569446720e-01
3.377245220332450337e+00 6.316962582250379432e-02 6.883721378042202410e-01
3.026333947106983224e+00 1.803983210389564773e-01 8.479108998304376588e-01
3.078746465087664586e+00 1.908016771550389845e-01 6.619474329153407499e-01
3.312214793999239681e+00 1.520645382801677215e-01 7.376334615305542020e-01
3.339778421332601166e+00 1.649043237515380178e-01 6.723370740338301399e-01
3.111179936044238037e+00 1.746637427141591592e-01 6.173193854279673820e-01
3.254883671102024145e+00 1.970077245769230601e-01 4.845129630645470531e-01
3.293633561271963384e+00 6.447487648898975188e-02 5.676965232686291829e-01
3.007166552131728565e+00 1.757738496430774899e-01 5.829687734935344867e-01
3.466353694893224535e+00 2.301344705699882309e-01 5.894358442315622559e-01
2.905598586131408201e+00 1.240934652496922530e-01 6.346291362751280696e-01
2.797180895948078394e+00 1.531952487730675883e-01 5.971006032674639474e-01
3.499411805366710926e+00 1.681598316813651406e-01 4.150402742061005679e-01
3.377327153846473085e+00 2.106573962300403169e-01 7.177173331748423202e-01
3.292183212449560692e+00 2.139626476302576019e-01 7.579270620637028610e-01
3.594236113137151634e+00 8.166958239355612270e-02 6.723166044940750430e-01
3.298863129168899011e+00 1.674016930612730880e-01 6.845293929243783104e-01
3.298818291972086758e+00 1.350968855939727042e-01 6.904559934134461008e-01
3.096524457052896917e+00 1.554021654720728340e-01 5.666664200440626464e-01
3.364169410209388644e+00 8.987994958142143942e-02 6.395695053079896164e-01
3.038407731230560849e+00 2.068936933528474076e-01 6.798426663349100840e-01
3.157360516736060330e+00 1.848732232577133539e-01 4.897890917158669311e-01
2.774527729010338728e+00 1.498701570544503647e-01 6.169558180842236172e-01
3.011229113991384931e+00 1.280088905650717257e-01 6.010482001574153355e-01
3.357076787577216059e+00 1.205114909257935518e-01 8.509064601707083675e-01
3.290668989085299145e+00 1.193333476203045918e-01 6.274343611855085490e-01
3.109874312344526270e+00 1.412212248170082174e-01 8.243698328830053601e-01
3.505013718830827685e+00 1.015707687923170649e-01 6.739278750381034744e-01
3.075816172233286405e+00 1.090483865517542089e-01 6.258620616710993678e-01
3.432559200186127590e+00 1.291332423506689475e-01 4.603837606488055401e-01
3.505121194753319180e+00 1.492563420870310076e-01 5.119969442574140439e-01
3.163109886888562539e+00 1.502456342620685781e-01 6.863706619774352369e-01
3.112597950539661262e+00 1.285482863799446429e-01 6.298928196325304096e-01
2.769060393725561564e+00 1.535989589748676387e-01 6.735328503041734249e-01
3.498443725855565845e+00 1.676121434638197516e-01 5.090051021652164387e-01
3.174168503796789942e+00 1.588089142845194035e-01 6.631712751337928147e-01
2.889928914894583922e+00 1.307392846011590504e-01 6.230647901225777607e-01
3.367722141602099484e+00 1.344300390992185235e-01 6.003963044477647060e-01
3.501315167873175316e+00 1.661310144233103248e-01 6.006241745843989843e-01
3.216652306411735829e+00 1.694050198487396242e-01 5.809651430233379044e-01
3.310745782902151380e+00 1.575272574009816684e-01 5.510776742363048264e-01
3.418325100495855473e+00 9.299944989547319352e-02 6.831923484888430265e-01
3.680136641164224898e+00 2.291836622022324077e-01 6.976524973258497742e-01
3.398121621339274867e+00 1.937803353464647160e-01 6.951648497702661578e-01
3.168435634292622538e+00 1.825289877101807234e-01 7.262609911192997592e-01
3.357154378395411864e+00 2.078673609705165570e-01 6.639611203849242749e-01
3.215338968112173568e+00 1.004083047901987436e-01 6.052977408801735182e-01
3.151131007106309667e+00 1.482573261590618419e-01 6.123472306755175509e-01
2.961132493360732365e+00 1.833818145014456114e-01 6.972036221744611906e-01
3.363398211133975302e+00 9.377224643070583565e-02 6.604328527339367039e-01
3.451546230147760852e+00 1.424861773662319808e-01 8.308530298855610896e-01
3.023615503120411052e+00 2.060590938150307916e-01 6.888375316264545578e-01
3.126809720362757616e+00 1.553208627201441427e-01 6.544839124887641413e-01
3.256192384455121935e+00 1.000334952390440624e-01 6.109261891700528135e-01
3.266703481041274948e+00 8.124545337332565731e-02 6.603858330094221074e-01
3.122922971779674040e+00 1.291186087817976780e-01 6.229956785662932317e-01
3.301249967070427616e+00 1.174772951567394641e-01 7.971353265714511416e-01
2.901096529982666539e+00 2.147165662923782581e-01 6.646664610955627106e-01
3.272118870023712933e+00 1.289911209192873554e-01 5.548499403746849357e-01
2.855569046165236546e+00 1.540790015673685620e-01 7.003028285264576436e-01
3.253559767895587651e+00 1.416070849952177357e-01 6.144763632955991817e-01
3.115390799961787138e+00 1.157160512120755103e-01 6.570402996574704613e-01
3.294242864606052201e+00 1.828114760813124851e-01 5.330531618221754364e-01
3.342183772110693063e+00 1.603023444748215565e-01 4.354602677024377866e-01
3.222851251334054812e+00 1.259576980343579400e-01 6.666149305613806586e-01
3.084719399677315010e+00 1.076328490022596396e-01 4.850312951849903298e-01
3.356620911781925454e+00 8.735640232224785307e-02 7.482299090332049651e-01
2.975673379139645025e+00 2.131935463113652507e-01 5.296660441124823038e-01
3.316986633392060124e+00 1.042892408821882722e-01 7.100498810665492044e-01
3.265642965743654536e+00 1.426626092537478796e-01 5.642014882491810379e-01
3.726040809422136668e+00 1.767591453018294845e-01 6.688724270004494654e-01
3.288617732202023802e+00 1.729632807518913240e-01 5.972447009693401254e-01
3.368564169851926415e+00 9.332887617555653270e-02 5.328828464873205384e-01
3.413559282438330289e+00 2.491385560416342626e-01 5.361681270376008612e-01
2.898340635782915786e+00 2.062489149533818233e-01 6.080959631873504856e-01
3.311330699323564275e+00 1.822180605267564590e-01 8.064973798434824648e-01
3.601053900159965515e+00 1.916896706250693083e-01 7.389393726738755497e-01
3.140894867190521911e+00 2.175545766131046499e-01 6.321292569684280327e-01
3.428656261301344710e+00 9.107501050701800882e-02 7.261995291094626159e-01
3.632465882502645460e+00 1.981494600192069688e-01 5.391759876155167719e-01
3.112665364102249921e+00 1.860116349243137179e-01 5.636649738530052911e-01
3.177862027912706999e+00 2.020842837575538287e-01 6.435107236880834858e-01
3.017064338472021490e+00 1.737283286518366554e-01 7.370470487163778284e-01
3.686727843187142639e+00 1.490391385803126745e-01 6.058836816641196554e-01
3.049863185866451332e+00 1.420267968435027228e-01 6.745017458552804435e-01
3.214756623538542968e+00 8.564285795244062915e-02 6.977119521237118427e-01
3.095558392185270069e+00 1.848972432556143797e-01 6.354868249848649731e-01
3.326236174184500793e+00 1.863098581161551914e-01 5.904648380172050626e-01
3.402567675911713607e+00 1.992889339805445914e-01 7.026563225400109802e-01
3.302178301183884113e+00 1.396491378876986988e-01 6.390069568588186977e-01
3.197216940582145117e+00 1.475708197290651058e-01 5.742835230351559517e-01
2.787076804707172784e+00 1.421667797989507598e-01 4.911122682289383867e-01
3.355100387649126770e+00 1.953373584294167409e-01 5.700744151255809911e-01
3.230113366035941791e+00 1.653885772824442713e-01 5.618716082569765735e-01
3.459054226686286260e+00 1.121185619477116369e-01 6.297543282237167972e-01
3.520343154817539677e+00 1.450703922269216961e-01 5.143209074881111009e-01
3.122985946279056790e+00 1.453510619309792418e-01 5.244433305029350123e-01
3.161392272951442539e+00 2.272748404368407638e-01 7.448692288656550975e-01
3.206018600781440409e+00 1.950007002242694076e-01 5.536947935199151294e-01
3.032920899869479658e+00 1.649960665994880948e-01 7.230764143769066177e-01
2.754148880666972499e+00 1.816456981060101672e-01 5.658022598618965837e-01
3.394239360144721829e+00 1.674140282545115155e-01 6.082943542399552594e-01
3.456982744136356978e+00 1.483481211033426117e-01 5.579988671896887187e-01
3.316424606865240321e+00 1.498224810396976969e-01 7.066588049728745879e-01
3.122589798632431357e+00 2.339571611526552741e-01 7.307352254889224463e-01
3.003018958281022055e+00 1.376158116762373207e-01 7.287147599827616951e-01
3.068866670837312238e+00 1.366145380229739914e-01 5.127885646642880157e-01
2.803900154776112430e+00 1.354415935797115000e-01 7.560765999604219800e-01
3.148434983805906917e+00 1.094839960767323428e-01 7.836541426034451252e-01
3.329882980294590400e+00 1.969195618001587933e-01 7.068191512752259875e-01
3.204729444971295749e+00 1.782919555609832063e-01 5.170634358864601987e-01
3.204506579744323069e+00 6.946317758097349249e-02 6.830775544101853614e-01
3.309833532494377284e+00 1.888374342764728153e-01 6.095274092558561341e-01
3.205057498368461211e+00 1.623730999014884879e-01 5.726945336007658316e-01
3.454473087453326485e+00 1.439299791738480605e-01 7.613861437685985889e-01
2.995571944424066935e+00 1.663767544830186407e-01 6.861473741722263764e-01
3.192477793604092451e+00 1.900247978294892226e-01 5.143839828225351685e-01
3.242699698002037945e+00 1.428145634374431983e-01 4.955918689594516757e-01
3.175539948040028371e+00 1.281169854531097052e-01 6.443769728023629462e-01
2.986279069828033261e+00 1.199478768342764762e-01 5.073996081308524975e-01
2.941427059345166128e+00 2.006408999515512659e-01 8.183288030143633929e-01
3.323001233267385945e+00 1.726062230878807335e-01 4.265589427818389234e-01
3.327244856819346897e+00 2.126114041578394953e-01 6.268451458521900888e-01
3.337130323814240018e+00 2.045052725970443741e-01 5.771645250407821948e-01
3.264873165241219510e+00 2.009756007615716433e-01 6.246647768465487527e-01
3.035895569034010588e+00 1.761215267286296848e-01 6.140842653710846255e-01
3.646323596728512584e+00 1.811198283350353710e-01 5.742059256102797216e-01
2.855529345696158572e+00 2.178311407881942663e-01 6.559524396002106572e-01
3.679303235820648776e+00 1.595005983739130606e-01 7.434866044881688341e-01
3.218762203058051163e+00 1.961390166387602663e-01 7.260151934049228206e-01
3.678973723796694184e+00 1.441352281700460092e-01 5.519806235148603246e-01
3.061408301879767979e+00 2.070506939034255922e-01 5.982808306161648826e-01
2.994153689995257217e+00 7.034356194743385249e-02 6.834251179782422358e-01
3.104167612894281891e+00 1.601417550605659379e-01 4.447683578169000507e-01
3.134181835829588536e+00 1.635599703952960726e-01 7.167487362529558759e-01
3.480260166308724923e+00 1.936343051317911124e-01 7.304502751999781829e-01
3.391132147252407858e+00 8.072230701262185504e-02 6.232148123786602767e-01
3.109532378882431392e+00 1.594953579710935987e-01 6.070134748647719736e-01
3.564417126547812398e+00 2.159782310526884297e-01 5.328759939537091039e-01
3.180777420420775048e+00 2.106801195877143207e-01 6.803431265845241160e-01
3.033174065794979946e+00 1.274548636078230990e-01 5.959755629604873706e-01
3.419736602052362962e+00 1.353559498631149161e-01 7.462788934595666612e-01
3.119143192222710415e+00 1.513288610275052570e-01 5.795087322375067629e-01
3.292270785804330746e+00 2.070683056117701981e-01 6.078608863625409864e-01
2.871554075164393538e+00 1.218648297426123961e-01 5.961818421059378315e-01
2.944320020480557520e+00 1.519302843978170003e-01 6.129890755895018861e-01
3.182292500825702142e+00 1.890227692999247866e-01 6.286835706064973772e-01
3.308264182639089945e+00 1.188668967766579737e-01 7.189229992280172787e-01
3.242144634492899691e+00 1.484617440155262813e-01 6.272629624356014233e-01
3.423860739310777834e+00 1.607070610799018195e-01 6.895839407795748555e-01
3.147289395080907770e+00 1.901992776619623182e-01 5.121022770875853780e-01
3.096228716364712419e+00 9.655427728074414406e-02 7.430859165693007862e-01
3.161998163155119279e+00 1.345038789343799834e-01 5.812033418477552393e-01
3.229826361250554001e+00 1.866615737280785947e-01 6.175151467206794198e-01
3.606415825584559087e+00 1.988682633667474553e-01 6.245018198564903367e-01
2.942680890076262212e+00 1.506818285864924278e-01 7.816100580153173549e-01
2.916438788472115462e+00 1.273412896944595418e-01 6.371923321136532259e-01
3.004805305228764656e+00 1.407869472878586214e-01 6.336394299242307238e-01
3.369426169666118298e+00 1.956138557915902410e-01 6.416223426305893707e-01
3.075187148017882510e+00 1.755288939877224785e-01 6.055893044338067632e-01
3.377596764033988119e+00 1.692872257415870274e-01 6.519667491484577582e-01
3.222159959818637009e+00 1.131742085143254417e-01 4.129239518175512047e-01
3.143254042710968754e+00 1.807784629868204873e-01 4.178244369577757134e-01
3.382534879418748197e+00 1.683781942266276421e-01 5.128758482684913078e-01
3.377446829500434067e+00 1.799264678433962761e-01 7.043123064731363625e-01
3.301962518136548841e+00 2.247051259003534085e-01 7.273499240377047093e-01
3.049871592772991136e+00 1.484704032569465759e-01 4.543771553485143611e-01
2.895715716867815370e+00 1.902265555331083269e-01 6.875914083481413641e-01
3.306040045233257896e+00 1.179342862889882354e-01 5.356705365589454759e-01
3.058469195925031414e+00 1.507795968914317775e-01 6.013479320477819190e-01
3.248613875094414016e+00 1.211295506290607227e-01 5.806110596734435081e-01
3.328533535441613900e+00 1.806608264061534408e-01 6.781467934853206980e-01
3.720748839541114794e+00 2.176977050958436299e-01 6.480876934536939915e-01
3.238033948065100809e+00 2.282879074369069117e-01 7.757089159407047907e-01
3.132724212062076408e+00 1.710600175009592550e-01 7.027784119046780464e-01
3.390555527584057760e+00 1.590021117826448116e-01 5.617146175333215252e-01
3.152388820001604586e+00 6.487799279497233340e-02 5.334481203725591758e-01
3.244128155410397341e+00 1.083380434702032047e-01 5.295261398965752653e-01
3.681928075670000133e+00 2.114785874972464619e-01 5.168873805781029063e-01
3.294698338134793847e+00 2.445543797386411922e-01 7.425931729913518575e-01
2.888952040144334266e+00 1.747942065482539775e-01 7.024106987392393364e-01
3.249139398465581419e+00 1.721874659609065883e-01 6.379540278060465974e-01
3.092510983884981357e+00 2.251751144847691788e-01 7.329132799075148696e-01
3.252682294234459981e+00 1.306681142482529201e-01 6.572071033297012255e-01
3.222388297429271464e+00 1.025248553872162294e-01 6.713344567780687999e-01
3.175156967404104691e+00 1.449373272499088761e-01 6.301671659141903081e-01
3.362463573076996948e+00 9.440302956614174401e-02 6.384215101919296087e-01
3.425384600783075051e+00 1.885066711333160672e-01 6.663421994903511170e-01
3.083400896573558203e+00 2.519236118782882672e-01 6.201750878450400517e-01
2.917858918163292792e+00 1.890619348713999670e-01 7.877649824280268387e-01
3.379878643484883760e+00 1.975297864510825452e-01 7.316218226129833635e-01
2.953920068428725898e+00 1.423808241739358271e-01 5.330137505150752686e-01
3.282720530306760587e+00 2.598761201809899335e-01 6.901717486478544661e-01
3.214634882148550865e+00 1.853363488512859703e-01 5.556129818914208318e-01
2.994436578766246360e+00 9.459570433010236479e-02 5.658354916300113446e-01
3.777353645537723015e+00 1.609736575906086931e-01 6.728702399719690419e-01
3.489545601189905977e+00 1.865456362111772848e-01 6.502138081691340998e-01
3.547867116370372109e+00 8.844561435326021848e-02 6.721611587207311223e-01
3.655726507348252774e+00 1.915970569395276935e-01 6.396258691887620751e-01
3.409732793961385067e+00 2.000410411056017246e-01 7.848831443725178270e-01
3.262493245471283387e+00 1.568176397096900654e-01 6.559730905882061869e-01
3.189942454801462546e+00 1.866629496079116601e-01 5.408334888749696256e-01
3.342620848602596340e+00 1.412310368505084457e-01 6.103162700408469865e-01
3.204598480813992900e+00 1.745728873883485022e-01 6.027283644512603233e-01
3.187208527242866740e+00 1.416251166895335090e-01 7.610840019148373825e-01
3.283747212959642781e+00 1.774482292763819302e-01 6.900168301948548244e-01
3.203709004244837733e+00 1.688561388707646715e-01 4.873623935191074286e-01
3.504449270199594402e+00 1.218495628567578537e-01 6.788787968861677014e-01
2.991352362217442717e+00 1.339413734423451630e-01 5.619443393030500999e-01
3.175709598920081866e+00 1.454139629814827639e-01 5.497918667503369772e-01
3.370814795863883440e+00 2.009707547823753881e-01 5.568466618099678911e-01
2.902162664599337027e+00 2.145916578364896743e-01 6.425506254437323150e-01
3.509245347398686654e+00 1.460018201686906769e-01 5.840681773997709048e-01
3.141430682561716203e+00 1.980399853442035563e-01 5.523000774848632055e-01
3.253136542011608956e+00 1.661857963375831804e-01 5.177460675456541095e-01
3.433494742280815970e+00 1.524038480270205331e-01 6.068755139753309047e-01
3.652567910305995369e+00 1.994869371244195333e-01 7.198139913306534909e-01
3.321325765800682284e+00 1.978362625861351254e-01 5.900419161641806687e-01
3.065164125912812843e+00 1.888143709913026047e-01 8.534366763735387051e-01
3.540631905275329228e+00 1.543976741532184227e-01 5.720291272539000937e-01
3.251619457970968075e+00 2.521576623597152622e-01 6.953292504323799195e-01
3.630153435189204636e+00 1.711395706597186872e-01 5.128576507505872017e-01
3.438515578538619000e+00 1.440482370414186142e-01 5.517727899210306264e-01
3.096409817705291445e+00 9.352916619479523241e-02 6.989703198111443250e-01
2.967511792359322165e+00 1.738175112111674248e-01 7.806936841239946467e-01
3.341705534394312060e+00 9.725655585236039902e-02 5.583757344841261405e-01
3.133303350727860259e+00 1.417706356602334294e-01 4.768691700568753467e-01
3.137454606620944553e+00 1.520986677438403434e-01 6.593802948567077937e-01
3.062064569574729944e+00 1.340030303392071298e-01 5.858049449714943790e-01
3.652525504790824495e+00 1.467958033670370421e-01 6.996635167228794083e-01
3.360844263621218353e+00 1.757460396427940608e-01 6.428106233920911627e-01
3.589654853771936605e+00 9.404446087407991595e-02 5.215787953556947354e-01
3.302765128712223053e+00 1.378651738259334680e-01 5.607315457405737114e-01
2.869791803843953826e+00 1.836110856951452819e-01 6.533426035424965139e-01
3.340858441812446067e+00 1.605411690715712880e-01 7.276101490073444422e-01
3.018596102854419705e+00 1.988607401175424283e-01 6.420502750836756256e-01
3.684093430023033022e+00 1.864721078834040147e-01 5.496101843373646378e-01
2.978138398246328311e+00 1.896694960457853962e-01 5.135400861032670683e-01
3.416750793897787020e+00 2.064188664377430982e-01 5.046763444558949319e-01
3.060425617553741429e+00 1.646593576029845296e-01 5.291070754353957017e-01
3.285030496652247223e+00 1.401374090023345953e-01 5.552081210017538737e-01
3.127810499871409800e+00 1.466004945480094135e-01 6.547275968964537674e-01
3.593071662534320421e+00 1.810986710790778997e-01 4.855819642264348479e-01
3.115280535167893383e+00 1.437761698929605203e-01 6.094517590474347601e-01
3.455385407390793695e+00 1.224436783623285563e-01 6.400141130671163081e-01
3.220629138850171991e+00 1.270994310099331781e-01 7.601452410109525992e-01
3.123250578290638124e+00 1.932254278649320756e-01 4.769053140789728529e-01
2.857147454938101738e+00 1.721982800536535352e-01 5.740152954708306332e-01
3.471573157282475286e+00 1.758041014542020830e-01 6.080137124121545167e-01
3.267843997568689041e+00 1.529464607292696510e-01 5.733123621531021064e-01
3.473053040161467653e+00 1.962314456880455138e-01 6.876984948128825881e-01
2.840498296192790040e+00 2.269476170564798390e-01 6.489887178765766373e-01
3.074352142819450240e+00 1.839027284990288891e-01 5.600723997306337187e-01
2.963531945002074508e+00 1.494850968491891752e-01 5.117578139229882472e-01
3.391369572661999232e+00 1.669453931065399410e-01 6.374567279367211459e-01
3.663333469354018490e+00 8.433948440032373872e-02 6.572731249698462452e-01
3.565664537297208447e+00 1.387436170666297430e-01 7.204856816129017183e-01
3.316207687661010262e+00 1.348847164551567612e-01 5.173905648978706084e-01
2.900364785646530219e+00 2.117270227389697890e-01 5.751126138531471588e-01
3.440510495488045883e+00 1.896429213801199276e-01 5.317028465480186927e-01
3.249863460551012828e+00 2.232574211214931603e-01 4.529257216291063814e-01
3.481075128803486241e+00 1.466355869579974436e-01 7.178331372229969087e-01
3.227996300423727316e+00 2.105315988090544488e-01 7.328440110028925369e-01
3.261299938099806006e+00 1.734605866587976275e-01 6.048751863721154587e-01
2.914819998130229184e+00 1.609508344445479411e-01 7.885425253738677087e-01
3.194141244088806619e+00 1.362617697068077560e-01 5.915115821898734305e-01
3.400449112424283271e+00 2.004553828623331369e-01 6.652609736335619584e-01
3.691322980201943160e+00 1.436204076262747042e-01 6.464264136241781866e-01
2.773630300993586761e+00 1.962593017583714183e-01 7.073140206494006321e-01
3.345414232421545009e+00 1.586497260097887163e-01 7.157930387067448219e-01
3.294787753904664385e+00 1.022093299569700048e-01 5.788069133033134639e-01
3.100748186937459572e+00 1.553645630401763456e-01 6.274101225191568432e-01
3.231548878274295156e+00 1.796576399037275729e-01 6.202202054745182824e-01
3.171244696338331615e+00 1.571961043818038140e-01 5.803905433490693655e-01
3.317074111969552597e+00 2.640394671279804317e-01 6.775243077661320390e-01
3.020033882676829595e+00 1.277557427829874581e-01 7.398126803708736654e-01
3.373183466442436274e+00 9.430173579416045726e-02 6.470463321978768834e-01
3.310624939437068370e+00 1.434732060520879926e-01 5.912296115806894292e-01
2.941428055407471209e+00 1.935908551905515251e-01 6.031125379664081798e-01
2.988130819410781402e+00 1.011083219022183288e-01 8.007438675311320253e-01
3.269879694714991736e+00 1.020248524678860208e-01 7.139372398291847777e-01
3.036625751667930029e+00 1.618360033297975287e-01 6.811911489801670827e-01
2.949164749491120840e+00 1.541531089435702884e-01 6.140985590809295847e-01
3.072367512360893116e+00 9.670828531844806453e-02 7.248726950663350044e-01
3.380546922743257188e+00 1.747585501268792418e-01 7.687828660927680247e-01
3.219564641654037551e+00 1.304982774348241448e-01 6.778838079055942156e-01
3.286714986933976235e+00 1.325701140598570527e-01 6.080098849874270295e-01
2.932780705236610164e+00 1.741012281453942490e-01 7.342663260792892110e-01
3.118946249395814885e+00 1.175695814746730433e-01 6.197444808715429909e-01
2.930067023531173209e+00 1.728189532955076713e-01 7.780035990285408820e-01
3.004508429891861176e+00 1.282600120143979061e-01 7.411235311293083994e-01
3.253718439721990041e+00 2.188446686098054761e-01 4.370428053605719398e-01
3.439043065814823219e+00 1.782968222424762827e-01 5.111351897337426120e-01
3.480720725234336399e+00 1.808164120181897927e-01 5.704787812104133993e-01
3.237008997258542742e+00 1.242374661405669101e-01 6.484661283345156679e-01
3.117041052631970732e+00 9.118643021843704510e-02 6.496169663488831070e-01
3.458541924440053705e+00 1.817212990333378908e-01 6.137149129371922696e-01
3.478222885403354780e+00 2.015718057303821364e-01 4.743154887655547380e-01
3.098387149643639482e+00 1.737938714324051004e-01 4.313792097104696133e-01
3.772247001070012651e+00 1.886116850106218656e-01 7.064662265788171913e-01
3.349025052142035719e+00 1.837284507747553863e-01 5.666185935919381134e-01
3.134055027722861375e+00 2.205493334201319711e-01 6.436085772678137307e-01
3.202872983014602770e+00 2.218520479141997681e-01 5.819152281645573188e-01
3.397842245906051328e+00 2.364619509044462997e-01 5.976381765356244546e-01
3.133538872013949206e+00 1.508870802595022875e-01 6.470585901035341703e-01
3.249755077429600458e+00 1.861907002432801328e-01 6.783666057487668377e-01
3.612216763877638126e+00 1.792633947689619145e-01 7.169374617728899723e-01
3.138790325045118124e+00 1.986048900476709567e-01 6.343994005633287747e-01
3.110969100935267573e+00 1.981356499280955141e-01 7.360769518984299209e-01
3.137145465415830170e+00 1.660095009524144571e-01 5.361937076786018608e-01
2.951069380203839909e+00 1.123627704642466418e-01 5.233680096493374956e-01
2.999394984219602822e+00 2.268783374144101028e-01 5.985035769896942526e-01
3.106552869757346347e+00 1.271044486932488282e-01 6.191829040499471359e-01
3.301453944194240098e+00 1.612193662115406212e-01 6.400084905681996394e-01
3.229828476051559871e+00 1.963842790479803924e-01 7.521701152666844248e-01
3.646171404206934863e+00 2.172517660894539293e-01 7.466605807406658801e-01
3.109057322175718951e+00 1.223629074458310872e-01 6.039500055092074104e-01
3.047125639895137628e+00 2.309643693159584565e-01 7.786716610422048657e-01
3.233348733465347014e+00 1.744287083623146106e-01 4.772580959802943390e-01
3.229872757306699427e+00 1.563897723468199441e-01 8.569635667566548598e-01
3.084802698840419133e+00 1.349300353468418090e-01 5.584611440180218267e-01
3.003821212164251353e+00 1.772444371699904153e-01 6.056711395242684315e-01
3.249542940141239455e+00 1.474074250110197770e-01 7.041159561090152286e-01
3.142125437697149692e+00 1.840098663471630425e-01 7.675552563155709773e-01
3.159862789074396439e+00 1.896003588904653647e-01 7.321659217353295723e-01
3.376163182259167339e+00 7.999707770266047124e-02 5.208418384749926577e-01
3.068777368163673192e+00 1.834895695880949806e-01 5.206882399091258273e-01
3.178889825307371186e+00 2.258869211442700586e-01 7.421453126445498594e-01
3.592686397948445798e+00 1.788722256002919508e-01 7.584969438785449380e-01
3.235572539281533100e+00 1.831070323462382909e-01 6.557669675681325749e-01
3.021148838260808489e+00 1.803440130523047691e-01 6.992627833991124087e-01
2.883358773669302266e+00 1.916693922082613188e-01 5.601845717211475506e-01
3.331658280082794299e+00 1.552095890482929896e-01 7.453052343371655564e-01
3.024521859958020809e+00 1.326125395363908777e-01 5.739040351812090268e-01
3.310509380023781478e+00 1.387238714103193604e-01 6.465240602053969887e-01
3.438022319794669990e+00 1.489457956916146464e-01 7.850025068485380064e-01
3.292115943199649397e+00 2.045764211748391515e-01 5.284017318769922422e-01
2.871035952278979231e+00 9.719604733398096164e-02 6.903497694547183761e-01
3.124340976340515219e+00 1.184698683103529299e-01 6.256862964601823673e-01
3.165201721584849803e+00 9.182673443903488497e-02 6.230724009380943507e-01
3.470760170006316425e+00 1.255200388810185919e-01 5.261599808189545424e-01
3.371687826143643374e+00 1.389246701840844700e-01 6.686530049097777484e-01
3.340522464486775256e+00 9.083781503191175333e-02 5.129938682067185507e-01
3.117610637932471285e+00 1.425109862604991839e-01 4.415998018166945593e-01
3.459496106906385204e+00 2.078412779259337373e-01 7.917137353972005798e-01
3.347984207761602882e+00 2.272254209958299576e-01 6.851967129190659200e-01
3.025181926585504222e+00 1.943983643324743160e-01 5.837238749250353020e-01
3.474757069875304527e+00 1.748744031774249197e-01 6.656679252684373216e-01
3.791649742374785692e+00 1.824506453446215759e-01 6.699271144310734449e-01
3.246676036166416424e+00 1.862919411877485554e-01 5.965989964433352499e-01
3.278827141181863247e+00 6.594529699462103878e-02 6.590196366030931507e-01
3.097906252429355245e+00 6.449758176303502233e-02 6.910884761079002514e-01
2.946303158395768840e+00 2.209746880187443696e-01 6.888214390320551717e-01
3.255167152438614764e+00 1.580581918097296312e-01 7.706674452972230860e-01
3.219274571110656957e+00 1.295241785319153627e-01 6.560968142414592696e-01
3.415422830027324164e+00 2.065473365573965991e-01 6.671099870912088337e-01
2.946108331633478183e+00 2.126492099044252626e-01 7.296251590788800367e-01
3.442553174671804328e+00 1.852544733404768440e-01 4.038880936620882212e-01
3.240038751767662539e+00 1.930842581304958450e-01 5.919643039983831789e-01
3.378232100953909356e+00 1.219245141627315482e-01 6.217660521993458866e-01
3.055376987917103992e+00 1.251480816693315845e-01 5.712749609940263040e-01
3.271823586954649254e+00 1.990407236047499473e-01 5.865381418627887422e-01
2.990481621567220305e+00 2.032930388014822509e-01 6.376973403342650615e-01
3.275530880445988835e+00 1.394355207398535190e-01 7.448013848202531539e-01
3.224804175117414129e+00 1.631311224297593010e-01 7.273749369434679979e-01
3.257951176710293772e+00 1.871431840086241194e-01 6.404149626287218844e-01
3.209014364844756884e+00 9.948735275448120086e-02 7.515294369228644467e-01
3.349411661171175503e+00 1.592702175859125602e-01 7.209981064816841645e-01
3.142344672962580798e+00 1.193770327292429378e-01 5.112869074564783123e-01
3.177108792386943659e+00 1.949259960791017987e-01 5.673905963475417424e-01
3.520062858929896787e+00 1.244864964956226283e-01 7.319822020084543190e-01
3.287574053964933629e+00 1.179993631995279457e-01 5.677258159836277018e-01
2.953196480029518511e+00 2.141947387415138182e-01 6.254622685525663695e-01
3.024497859892627982e+00 1.405902747226873417e-01 6.734291535462720857e-01
3.413386294440405866e+00 7.558019648491202946e-02 6.899723365830900956e-01
3.020044350247982123e+00 2.040987992125876949e-01 6.519760260530165219e-01
3.197607761486646716e+00 2.170372299372026470e-01 6.088397838158168263e-01
3.279642652143333503e+00 2.326521844992641419e-01 6.025058624155767983e-01
3.386066816610037833e+00 1.546450747447152829e-01 7.425798992856227354e-01
2.877345080078242745e+00 1.590120116397486238e-01 7.291173224854914370e-01
3.208776986262267705e+00 1.414471281967703831e-01 5.578991977473165553e-01
3.107054691019808246e+00 1.867302894277466652e-01 7.771303921106375023e-01
3.422864986047452263e+00 2.405636147777913680e-01 6.257387527717573894e-01
3.037555961299521545e+00 1.668987327264044584e-01 5.690491091225959863e-01
3.051424083801800968e+00 1.710471919919778760e-01 8.445255473191226603e-01
3.431197624464862983e+00 1.322529363268584168e-01 5.290963284494166752e-01
3.229643770887411502e+00 9.479432951651615979e-02 5.519803905088571661e-01
3.232433433616663798e+00 1.777285592506160361e-01 7.809798125430424953e-01
3.174997958272984810e+00 1.243192150739156204e-01 5.997183946582158587e-01
3.568526780793075392e+00 1.119774840064853005e-01 6.237230058549571021e-01
3.452495227539606137e+00 1.185731913356929956e-01 4.810118891216210724e-01
3.346191521152189985e+00 2.372753972316421489e-01 7.480250619793978872e-01
3.456718755396372078e+00 1.816464130085499451e-01 5.253604912342493272e-01
3.277353734012185882e+00 1.891241451004551655e-01 6.323261163861871870e-01
3.362001822828391884e+00 1.660551598499588333e-01 5.644531346400595284e-01
2.992974265001856260e+00 2.271866616635583314e-01 6.346667708538501484e-01
3.541263722700792371e+00 1.302496399685365014e-01 6.069124311518763193e-01
3.222752161691729178e+00 1.643110532392647039e-01 4.403341513680305574e-01
3.115297150812648130e+00 9.932106642712991429e-02 7.388174139642874616e-01
3.051897008550718660e+00 1.843131405357470443e-01 6.141996520371530988e-01
3.612550847306111201e+00 1.932108054007326825e-01 5.503058785963982347e-01
3.399966389659468291e+00 1.632830723065469003e-01 5.618139478172052836e-01
3.126236307583798446e+00 2.297823722626836096e-01 4.870592903087225256e-01
3.450063533189323461e+00 1.243499534175833421e-01 6.909100572680074714e-01
3.489062143869885446e+00 1.601833802114712435e-01 7.461852367357154625e-01
3.446246170111548324e+00 2.015157537355396211e-01 6.118804900119051426e-01
3.235464952881825340e+00 1.304310746730554249e-01 5.770201262214823545e-01
3.297876530247329629e+00 1.648766865734286879e-01 5.622472844850563423e-01
3.358492882855576678e+00 1.140190835466685371e-01 6.055104508423634346e-01
3.094360067654483792e+00 1.146549391547228847e-01 6.834970046320402171e-01
2.860623744089821674e+00 8.866886516017072339e-02 6.618034646823345302e-01
3.138059355871417377e+00 1.450149944695731385e-01 5.568809837111091676e-01
3.498689087904999440e+00 1.573077927749507166e-01 6.464488471940579295e-01
3.386869638614666389e+00 1.465664071077739938e-01 5.141544787257092963e-01
3.256634597211033544e+00 2.132756232843209809e-01 5.194094689201904647e-01
2.851434498362756642e+00 1.889646006517486654e-01 6.990859821616239866e-01
3.114449196550608256e+00 6.608378867883062113e-02 5.948677397402863942e-01
3.410445699104833306e+00 1.711308566901857398e-01 4.619615897939440829e-01
2.719053112452959553e+00 2.004644604138618169e-01 6.009157393078576881e-01
3.373186582426861868e+00 1.176392113046857563e-01 6.562149554703519128e-01
3.226674935710124537e+00 1.618977949118576565e-01 6.877864962956180550e-01
3.150953565670885581e+00 2.109786945007538217e-01 7.503086111682618631e-01
2.989488483951606934e+00 1.165542131606473464e-01 5.062105015989054602e-01
3.181368614255230653e+00 9.613562724089133593e-02 6.650281867493879062e-01
3.144849281364194393e+00 9.561439067395445524e-02 6.207579202579077693e-01
3.131706556437612754e+00 1.753704855279401009e-01 4.725798951673159110e-01
3.473120043333653761e+00 1.740436536557056768e-01 5.999774227342384858e-01
3.235331510512249320e+00 2.357615404355394850e-01 4.910641782727444005e-01
3.230865960013386662e+00 1.642890192360002555e-01 5.720692251570970166e-01
3.090033198695967265e+00 1.260883698277913134e-01 5.282979711859394634e-01
3.185836902990372366e+00 1.425781160037291606e-01 6.062934536190491830e-01
3.327315287478420647e+00 1.944945447174463715e-01 5.140049559849992900e-01
3.458093158587202787e+00 1.023510501768511438e-01 6.124713101689682748e-01
2.811717936670032003e+00 2.054731755861599896e-01 5.186395363014421056e-01
3.063270640548364732e+00 1.229064522205782772e-01 5.851035954944507900e-01
3.307465728197771959e+00 1.587420910432380261e-01 5.932836509315022600e-01
3.437927628449921613e+00 1.642427020514538594e-01 6.757856435802768180e-01
3.478185818562903542e+00 1.457817515043908219e-01 6.450973895706731964e-01
3.407431410305050257e+00 1.198571455726942792e-01 7.853669544832215799e-01
3.500536276483766418e+00 1.865826199974319755e-01 6.027580152259879309e-01
3.326578594139233402e+00 2.086015359916563172e-01 6.487212266120178095e-01
3.322308778618402680e+00 1.320307361603285656e-01 8.219228497878304784e-01
3.411465098030116661e+00 1.543941117268531338e-01 5.368263125398899938e-01
2.916517455995762731e+00 1.417527240259250643e-01 4.490510073590311402e-01
3.163813419828896745e+00 1.784634259173525916e-01 5.107002382229933746e-01
3.182835123783430475e+00 1.281237687007510395e-01 7.032354116057739635e-01
3.006822415431859241e+00 2.311443926745633537e-01 5.305540227554689237e-01
3.075974870138475925e+00 1.101093190861913151e-01 7.523612727925329535e-01
3.243503964288332320e+00 1.862717904388956902e-01 6.267393619288925688e-01
3.090009783839134716e+00 1.085832258538184797e-01 5.386245431321121657e-01
3.317081291950596977e+00 1.083732277897800217e-01 6.009776756570032186e-01
2.889611954591248644e+00 1.599676471186068927e-01 7.763889246084541007e-01
3.261730192633494507e+00 1.716243896466704000e-01 6.004029837073443510e-01
3.203703447048693587e+00 1.370579359448926837e-01 8.387724697579537203e-01
3.009318535647492965e+00 2.178505487627625248e-01 5.453792631465290697e-01
3.159048175412101145e+00 1.269173169381564992e-01 7.092422058565256426e-01
3.222789612024038242e+00 1.159127639550789624e-01 6.045553855344814043e-01
3.280155025568550542e+00 2.025683579758038033e-01 5.748841642865567536e-01
3.126364741547073667e+00 1.696548289121143915e-01 6.519199744706719590e-01
3.075123926013048514e+00 2.263088576139574148e-01 6.307393510146110938e-01
3.293336083405364878e+00 1.534567670443418019e-01 6.437953303085544032e-01
3.266753129748782847e+00 1.403655743700532310e-01 6.824630922518992726e-01
3.531406672506840927e+00 1.917688780975010943e-01 6.202708521201149017e-01
3.034221374855704756e+00 1.802475189172363379e-01 6.457690115509748807e-01
3.722449649979695074e+00 1.165835787178131910e-01 5.638166603658123499e-01
3.184766281491991702e+00 1.980382295450927588e-01 6.935297542033552753e-01
3.022983309640756566e+00 1.766014267221015510e-01 5.038824918061721725e-01
3.381085000442607402e+00 1.167329700609688048e-01 6.430843013324279989e-01
3.362999944923688478e+00 1.786618523875241615e-01 6.122828662808588174e-01
3.725478141215321948e+00 2.074960109062348734e-01 6.165922086606884234e-01
3.239570873134368867e+00 1.392451612678121120e-01 5.999858490904270703e-01
3.210024485573452768e+00 2.440977377893062128e-01 7.623412834322834675e-01
3.148492466346798135e+00 1.872833013786811551e-01 4.802851058043947630e-01
3.043465996173632337e+00 2.560756497590944702e-01 5.710495374375368360e-01
3.126265339098415197e+00 1.764783031068219710e-01 6.067436648276766098e-01
3.208662870376399745e+00 1.378835410105674064e-01 5.868485754901917595e-01
3.272271897511258132e+00 1.005043616839834952e-01 6.829856001204407390e-01
3.464960056259370091e+00 1.558309766236931349e-01 6.949720732014543767e-01
3.532033823181347287e+00 1.492399497666218877e-01 6.926333229870087482e-01
3.560580264584597643e+00 2.398658856121376193e-01 6.097773932939296593e-01
3.393467510583577873e+00 1.379346202986497238e-01 5.228519272191509693e-01
2.818182318374907513e+00 1.510938554776809217e-01 7.245544975786426534e-01
3.435260762106804311e+00 1.739111095426067177e-01 6.394735583163603243e-01
3.514287898257633991e+00 2.020186974509557698e-01 6.229941359186331740e-01
2.767633673332041244e+00 1.976702161778541300e-01 5.439786265047708014e-01
3.545931864107668474e+00 1.971485784846355171e-01 6.624016541675281644e-01
3.219898806339600572e+00 1.955422599584992205e-01 7.201275946676379824e-01
3.586083486429519684e+00 1.449951900877111954e-01 5.543623359089204783e-01
3.430037714513361813e+00 1.204166956063074667e-01 6.113576161553856414e-01
3.275292593683773568e+00 1.588818896814426229e-01 6.955867625473740601e-01
2.969904317940601057e+00 1.856284179228854525e-01 6.277296790522867154e-01
3.453596227097308624e+00 2.094375884969085777e-01 6.142608542140927108e-01
3.220837503117902401e+00 2.649523429829688803e-01 6.897456597602769079e-01
3.193756507967996150e+00 1.764713136732319887e-01 5.633669264882473771e-01
3.155322637526505769e+00 1.830713785514629655e-01 6.632544286513584186e-01
3.337332602734456088e+00 1.524945482705880595e-01 4.521926127300734954e-01
3.139682094192353556e+00 1.831187933689752967e-01 7.584159611665978185e-01
3.580923723285521110e+00 1.042616746468617017e-01 6.839181825411688731e-01
3.105106349505667662e+00 2.108662950164730820e-01 7.045009236549474307e-01
3.483735987446758831e+00 1.301112543604019678e-01 7.012917322713805302e-01
3.293249752545684306e+00 1.692812679907116091e-01 5.648165860437669439e-01
3.090416052217212606e+00 1.620228864926648027e-01 5.927432211010189578e-01
3.407819809891998286e+00 1.698465771277574143e-01 5.962396467724736526e-01
3.054522818674925588e+00 1.315721804710691945e-01 6.531982380033772850e-01
3.408462019090100714e+00 1.597261090231104630e-01 6.575322347804546386e-01
3.428354658653182785e+00 1.380320569722066071e-01 5.968910501263491319e-01
3.224320519338891078e+00 2.051607517362933619e-01 6.247241060140601432e-01
3.385790313337211810e+00 2.360271719252292899e-01 4.619805044719428877e-01
2.870827714949345744e+00 2.000751149326904232e-01 6.891718561825704858e-01
3.182913279144813590e+00 1.567951509596777204e-01 7.660257301823862885e-01
2.932809190389262355e+00 2.190228920769178023e-01 5.465377393413241025e-01
3.157965772159392781e+00 1.389939515112491586e-01 6.419480269187574084e-01
3.094805367305376365e+00 1.495597350460768915e-01 6.041852962294939067e-01
3.083189720460195016e+00 2.181205183147109927e-01 5.258808424100507306e-01
2.740536563411381188e+00 1.344724419823929429e-01 6.710458929542717499e-01
3.657745859018858514e+00 2.077621791775189908e-01 6.037017245908377072e-01
3.225148409802374605e+00 1.879994284351649281e-01 6.254070462512468787e-01
3.014921836862360482e+00 1.296277147003981056e-01 5.999895908356932539e-01
3.191447714910367939e+00 1.940826979575155375e-01 5.993234560687762391e-01
3.194841978792537063e+00 1.861131273123530772e-01 6.702904180003234069e-01
3.044265822625328966e+00 1.432262913507394986e-01 5.948482785932105443e-01
3.090700194196269734e+00 1.660964605563679253e-01 5.200957972968329734e-01
3.139308623601057224e+00 1.599432146776346986e-01 5.906133404571235479e-01
2.994963908651400608e+00 1.393208889350245339e-01 6.344245752473981481e-01
3.290878158927204478e+00 1.465312959472336030e-01 5.724448656257381529e-01
3.032811420358833665e+00 1.988889842073844338e-01 4.614310673194218504e-01
2.979381046667771926e+00 2.309226931959983964e-01 6.314440800160681100e-01
3.142347224699719277e+00 1.747404381981552124e-01 7.014056454920123418e-01
3.507533750015921825e+00 2.384139509388519818e-01 6.756807880493119756e-01
3.777151280363872488e+00 1.659311570639660227e-01 6.387872331508502866e-01
3.359883548494297933e+00 1.630700099858456431e-01 5.388435895496147543e-01
2.878014767647295358e+00 1.269966987150565885e-01 6.821271904093644256e-01
3.325320640869947386e+00 1.656175133860520454e-01 5.804541753449933283e-01
3.272445365960408914e+00 1.089698630294500259e-01 5.396876391037899179e-01
3.319865601712087777e+00 1.822033643034682848e-01 5.765869254036293245e-01
3.354927667926795642e+00 1.444965252654002441e-01 6.287359974196232715e-01
3.292932713389447485e+00 1.862508389645579909e-01 7.273428713077930707e-01
3.330327545320625582e+00 1.620590747752581606e-01 5.411527848193034007e-01
3.437860382095017986e+00 2.431359791996747233e-01 6.193677524157519265e-01
3.125953344119121624e+00 2.152107493791881321e-01 6.457486713615639973e-01
3.346311115462802910e+00 2.249431041053007729e-01 7.902565034567896607e-01
2.777086358493511931e+00 1.109461176005387684e-01 5.948466878208140685e-01
2.948124250602314422e+00 1.688691953052467165e-01 6.052959018991649343e-01
3.451082509292225264e+00 1.445003249000369472e-01 6.540499341822377799e-01
3.549016238673834867e+00 2.010883953128000945e-01 7.972858784846242886e-01
3.286247463779656819e+00 1.457274160782056072e-01 4.416323615117416779e-01
3.176119236754845421e+00 1.279087028929812020e-01 4.240973417801673917e-01
3.507878013488884505e+00 1.726441436226121562e-01 7.632994297973678677e-01
3.603551189285122192e+00 1.752580314474450618e-01 7.203990141599145858e-01
3.280972031882798401e+00 1.287559301630572250e-01 5.764653071860017519e-01
3.139630527936641879e+00 1.893104309074421787e-01 6.579186077756568052e-01
3.268504934575716891e+00 2.093692969063719045e-01 6.126704879123947567e-01
3.074076434774020594e+00 1.267575667210550094e-01 7.264189129090089514e-01
2.888280672137481186e+00 9.958022872849839335e-02 5.848814600656293550e-01
3.599331597751793677e+00 1.096498889178337544e-01 6.079489576491520220e-01
2.956909432457706988e+00 9.998896494442680027e-02 4.770083850492958244e-01
3.400407188486234578e+00 1.966641266564186918e-01 6.760052522081649862e-01
3.118224702047769359e+00 7.713388571013386763e-02 6.926044646065470101e-01
3.032932472552828607e+00 7.431898542978872257e-02 5.925599011810034344e-01
3.509362010198846971e+00 2.491110083263598229e-01 6.505776612312258456e-01
3.188277536176163274e+00 1.507399884046377592e-01 6.617788423966609601e-01
3.484242312421538923e+00 1.896478882702956059e-01 5.921912818692274261e-01
3.431320577308946351e+00 1.035376272017984600e-01 7.251180115151673045e-01
3.416786041593297796e+00 1.156698536668166188e-01 6.833152627245159261e-01
3.063863309934338641e+00 8.084128644504995354e-02 6.184662440504067327e-01
3.137368924048098418e+00 1.461948777019147772e-01 6.159740884949035378e-01
2.918193416927183925e+00 1.671955843025017263e-01 6.906342107052341195e-01
3.364082481060441498e+00 1.166214312872189962e-01 5.202725481802282781e-01
2.931496595675165739e+00 9.729555162273566260e-02 6.247832938206392406e-01
3.088517471042175000e+00 1.529981749554182313e-01 7.338865533646343753e-01
2.922212076224227850e+00 2.196182121697628775e-01 5.339925666792683101e-01
3.374488773347197323e+00 2.216964393486435259e-01 6.905978192721962117e-01
3.559966964442533577e+00 8.943432360919406632e-02 7.613244474455864719e-01
3.110166727621808125e+00 2.621799115115582279e-01 6.234601758892903689e-01
3.344515510390094093e+00 1.336280372652244308e-01 6.263217445268599581e-01
3.083475785481547327e+00 1.194960219391806855e-01 5.120851986605949868e-01
3.560767128255920344e+00 1.375099459628311704e-01 6.893107239411229159e-01
3.609181056403551580e+00 2.266573247408038283e-01 6.802983177743424648e-01
3.541825010701121546e+00 2.202991256284577148e-01 6.995414353374310723e-01
3.134359864943616181e+00 1.695986305559095131e-01 5.941221056233400022e-01
3.701658699547005327e+00 1.753543490187087217e-01 6.735734521155212207e-01
2.778795198845884773e+00 1.468354950494817068e-01 5.098922349213340643e-01
3.182626736527105482e+00 1.980848062466625814e-01 7.527116259823971589e-01
3.618877777022078135e+00 1.713677682387680923e-01 6.661304801224129379e-01
2.952385931263937557e+00 1.529133933998341466e-01 5.369681752378898665e-01
3.526458992163415296e+00 1.143656408008954517e-01 5.580298826833824943e-01
3.418936001438649619e+00 1.345110045411521404e-01 6.838641138576294631e-01
3.084734494823353046e+00 1.471622377225108858e-01 5.689456774222724222e-01
3.665497377913923938e+00 1.109041590930708587e-01 6.617399526796881037e-01
3.237033609910676013e+00 1.157945237375090364e-01 6.532312032221542220e-01
2.823264240457298957e+00 2.050474380057529522e-01 6.385975602792288708e-01
3.223469710366214880e+00 1.584083491123433329e-01 7.231563516259952307e-01
3.339346137632152267e+00 1.806762442355623333e-01 4.603508680605153947e-01
3.289051416341822964e+00 1.903708018873331298e-01 4.758441121298725429e-01
3.184056144493588647e+00 1.972566163198249123e-01 6.564456223832546566e-01
3.231357973304782139e+00 1.435249939848506628e-01 6.061198296647155592e-01
3.087508813779446193e+00 1.723365426233488540e-01 5.848653871008123728e-01
2.942403359455207035e+00 1.364730992392574893e-01 8.124051091205825026e-01
3.295014160022289307e+00 1.478578745847488329e-01 7.562073835661994314e-01
3.200163468966498392e+00 1.386774429824274291e-01 6.162683089219959109e-01
3.261064287362887004e+00 1.010695477835501233e-01 5.912607232804254487e-01
3.211159017143140115e+00 1.580878322861761220e-01 5.518667915598129969e-01
3.308783582934036627e+00 1.499504671329714989e-01 6.445401015170483250e-01
3.436480901520874820e+00 2.184574877516718416e-01 7.036784737273347190e-01
3.136784375998502128e+00 1.638093901652668549e-01 6.181861940258540633e-01
3.426498577187290451e+00 1.593878923107365786e-01 7.617029734767454263e-01
3.198588995795796475e+00 1.233633456360874181e-01 5.417057669477801651e-01
3.155836814429058279e+00 1.752261584360631230e-01 6.665584596073743651e-01
3.139914468024580518e+00 1.741593202897619985e-01 6.374700647486757354e-01
3.296953385025396699e+00 6.705665388259640647e-02 7.338563911283224606e-01
3.541658874217282982e+00 9.887475210268822923e-02 6.225505541585778513e-01
3.561177782596233854e+00 1.694960501741971104e-01 6.754006565641599291e-01
3.208619246440614692e+00 2.329249133249805259e-01 5.972493407162851042e-01
3.480276958059204784e+00 2.091751164513064587e-01 4.278690878075095405e-01
3.060940331435078932e+00 1.490210307509604593e-01 7.485881700167666963e-01
3.487603279785068455e+00 1.064305370246098337e-01 7.083582498439422448e-01
3.063231941868702624e+00 1.430696536572324262e-01 5.883382094573887944e-01
3.349060554225300912e+00 1.367602287437130471e-01 4.772377812474730141e-01
3.131205006148382264e+00 1.656803244113691231e-01 5.984017102553421674e-01
2.781047745999358778e+00 1.941644137259958824e-01 6.529601282845564070e-01
3.597747065433425817e+00 1.545391484896510015e-01 7.788259282933097660e-01
3.366654520336834100e+00 1.900852882337685235e-01 5.833748593135822391e-01
3.200363802331473551e+00 1.732378740644587578e-01 6.771005139884191948e-01
3.586745879364870770e+00 1.670121179740226280e-01 6.179999884571413249e-01
3.165865008205683395e+00 1.608187431111266497e-01 7.439959340365572826e-01
3.290158662535536571e+00 2.201561430472635528e-01 6.304583465408805099e-01
2.758965702566025247e+00 1.758908570041719799e-01 7.510434955330462792e-01
3.398297408988035784e+00 1.557435243019794080e-01 6.040574363002150227e-01
3.276236999644398740e+00 1.452988062225987198e-01 6.263220086950760379e-01
3.623197664702335175e+00 8.162976319743045495e-02 5.914162558720815754e-01
2.877093169967751329e+00 1.448854941360018800e-01 5.436563007773930201e-01
3.120926575634678457e+00 2.295646942682659231e-01 5.262968563488871210e-01
3.545271457637700685e+00 9.387817798302311445e-02 5.598441374493189349e-01
3.472562291135217638e+00 1.744881181256578428e-01 5.347072432429483824e-01
3.272897895727031159e+00 9.154813925939708774e-02 6.608599788589849533e-01
3.387092120905625947e+00 1.994468537975232769e-01 5.979841057947254956e-01
3.324050436552712373e+00 1.721399621423093940e-01 7.870335614853691819e-01
3.271227992330913104e+00 1.571332002810303385e-01 7.338560692684911180e-01
3.242467337521406368e+00 1.146614100769761529e-01 4.597893233155030401e-01
2.935049891399103217e+00 2.150021703431327647e-01 5.770965196384945095e-01
3.112059180555137861e+00 1.652087718263565430e-01 5.799101412891314311e-01
3.332877064047539584e+00 1.906863128448229860e-01 6.912310491027741088e-01
3.590695593040176714e+00 1.450244258055311819e-01 6.050871366110113225e-01
2.982098600016485523e+00 1.083786596659072204e-01 6.768940294058367613e-01
3.290065656328445609e+00 1.296222126755829929e-01 5.833351147167726847e-01
3.566009959371319482e+00 8.280139862713215004e-02 6.567089279645021982e-01
3.414164624651494062e+00 1.256624915896930594e-01 7.442023416611081021e-01
3.406945668858837539e+00 1.515256538546028708e-01 6.216170567155140381e-01
3.281978665315793631e+00 1.952414670389047147e-01 5.468839080748914006e-01
3.278512824977857676e+00 1.415999203621764457e-01 6.972289316837982920e-01
2.984684599117262582e+00 1.413013957830138723e-01 5.968517845578854564e-01
3.197813479159222094e+00 1.818048542827345182e-01 5.558757501267987955e-01
3.191183767821541117e+00 2.292036233923824273e-01 5.822433498969030730e-01
3.297575291438398892e+00 1.485956551075731935e-01 5.483989359642266193e-01
3.339272139277791762e+00 1.594785460301990088e-01 5.761855761381105001e-01
3.177677118655287014e+00 1.603629556126563438e-01 7.076898260280661823e-01
2.823287743066788646e+00 1.671442984190488756e-01 6.472850134116076015e-01
3.473350802580312369e+00 1.544179869058673049e-01 7.704049161458700334e-01
3.236344051300780400e+00 1.694750286128162975e-01 5.769505408455011253e-01
3.124369858652314758e+00 1.690202586096554160e-01 8.112034234261787935e-01
3.615837396472017407e+00 1.335525582451025095e-01 5.505380530411501105e-01
3.118815430493692364e+00 2.028315878799364924e-01 7.611834344327154112e-01
3.064769200196781895e+00 1.852672413587917455e-01 5.670104674637681530e-01
3.389296336648490282e+00 1.300562901673342764e-01 5.740669131150408777e-01
2.894747002433281313e+00 2.013637217809229885e-01 5.902605264636329174e-01
3.391536383975517932e+00 2.140993034093132963e-01 5.750743565400631141e-01
3.241528952342195513e+00 1.408386847132645781e-01 7.452983772036150256e-01
3.586094373312253225e+00 1.454029336977475384e-01 4.777333795480560585e-01
3.309165129990433662e+00 2.667407277671638433e-01 6.104985668471843985e-01
3.068615352220551706e+00 1.904835515687272607e-01 5.620209011957035816e-01
3.006578166693959719e+00 8.807790524361611140e-02 6.820188366594830409e-01
3.275089626112339225e+00 1.881930035862649231e-01 4.388349321418927307e-01
2.951762519969310716e+00 2.201955678313319009e-01 6.836396685896916070e-01
3.353206240652216064e+00 2.452614203968286333e-01 5.521168346106132274e-01
3.361958903909799456e+00 9.050043246693678656e-02 5.454358016256212194e-01
3.279100711522626721e+00 1.407736700748358216e-01 6.262041915219300758e-01
3.189139708186899735e+00 1.537551680329796722e-01 5.127902906396029081e-01
3.665931702980868678e+00 2.251203329870452574e-01 7.156750704763470416e-01
3.131664120760561776e+00 1.967675857493524916e-01 7.492843465477447840e-01
3.299719356211548327e+00 9.851470003796009012e-02 5.467296776858034946e-01
3.258923988930577664e+00 1.442797139537903006e-01 7.298257384046459295e-01
2.858773664502609169e+00 1.871963133117523770e-01 4.546648607815371168e-01
3.184070632635049858e+00 1.830811193933641057e-01 8.483309558698126640e-01
3.369459558544718014e+00 1.613806244007638668e-01 6.907490268018836588e-01
2.987239238026155430e+00 1.586553515447817198e-01 6.110654864419956533e-01
3.328183214719191874e+00 1.382761173950455835e-01 6.267618827405870841e-01
3.582603591527967701e+00 1.624898213866876329e-01 5.055022063255091291e-01
3.668384607579727508e+00 2.309049706092319854e-01 6.834798908833834563e-01
2.786528290250945616e+00 1.730538160679420956e-01 6.518754767408518891e-01
3.735799476047616530e+00 1.148600211818757710e-01 5.506607528287071895e-01
3.131903283039733754e+00 1.709327271784198410e-01 7.108106824329337714e-01
3.054539465489513717e+00 1.575241343756474399e-01 7.193483453297732089e-01
3.453655843562809302e+00 1.496110764726882314e-01 4.468962576187793245e-01
3.221449386145901705e+00 1.618587627918713912e-01 6.447997130302601798e-01
3.445503070992744110e+00 1.476409721407202502e-01 6.462756032875928147e-01
3.147488204389762956e+00 1.189523334336129307e-01 6.409328952859810746e-01
3.080132706761165462e+00 1.509326696924466749e-01 7.128846378769129188e-01
3.179765817399570871e+00 7.913854899814178057e-02 5.675665372245810580e-01
3.121608655670855104e+00 1.412992874728033754e-01 6.739296740856436374e-01
3.361247998889759003e+00 1.363187340980234752e-01 6.769244412281906209e-01
3.431223388897680415e+00 1.341612474143929479e-01 5.259513196471590213e-01
3.349901193870873151e+00 1.514725844933976495e-01 7.824054206781676513e-01
3.220531831115245325e+00 1.696682743978824848e-01 7.717732148614724341e-01
3.010299308823929376e+00 1.852421033803046679e-01 7.187299347083555556e-01
3.380279452399924001e+00 1.598106752027157462e-01 6.226944378330209195e-01
3.157526422825912782e+00 1.383368628166025405e-01 7.481177266683654015e-01
3.143184184980374329e+00 1.723907092603673141e-01 6.511506425906976592e-01
3.065967729125014696e+00 1.195364566968184494e-01 5.257164030270037314e-01
3.460890551477862065e+00 1.797261181951273767e-01 6.077144839960463285e-01
3.259251057183365941e+00 1.874405623673245924e-01 5.944301410446752865e-01
3.278940835040361712e+00 1.170283836963175311e-01 6.565322713038960201e-01
3.299395229596925549e+00 1.238486657773244237e-01 6.310930804957345375e-01
3.113621538829503432e+00 1.358005540565796754e-01 7.228318985849283562e-01
3.181041434226846043e+00 1.741972028347355816e-01 6.908120665998054299e-01
2.878282138837594317e+00 1.741668033916580205e-01 6.084714548583408655e-01
3.468808224921252847e+00 1.465504795987241649e-01 4.671372095281874914e-01
3.398690372966008066e+00 2.085714120390697590e-01 4.824531736874908550e-01
3.470648496049026033e+00 1.972259582658037191e-01 6.012907648711272035e-01
3.504389222558812467e+00 2.476167884820091591e-01 5.503641021803795663e-01
3.043480184117723919e+00 1.662221728783389307e-01 6.599908231694051608e-01
3.600254884841572967e+00 1.677113703107217524e-01 4.776337802261695353e-01
2.949168755407939102e+00 1.086238765395127759e-01 5.434994025432083875e-01
2.864005865191421751e+00 8.601779501945511219e-02 5.609229828117491268e-01
3.472810752948086943e+00 1.206679647487944873e-01 5.688491088823488528e-01
3.142178603712213469e+00 2.121880745717857342e-01 4.661045888788645786e-01
3.080461168425118412e+00 1.343529965514670965e-01 7.249378658970808686e-01
3.237372801733291006e+00 2.165566440838190276e-01 5.112089878521776098e-01
3.373389035610623310e+00 1.332477803032815211e-01 5.386605778194951677e-01
3.397149733162457608e+00 1.318156671829929794e-01 7.053263928215652845e-01
3.402912105562984291e+00 2.165304582742016981e-01 7.689318616200642165e-01
3.274070642400755293e+00 1.928644894731156578e-01 7.097418238727462025e-01
3.421876130564068141e+00 1.568636991829244764e-01 6.472888036206883022e-01
3.755410830248320231e+00 1.770883108748156909e-01 5.948763749941844425e-01
2.924938478468898317e+00 2.191812944861250556e-01 5.246622958298501338e-01
3.385951305553983381e+00 1.991904368701909733e-01 7.396726493278937831e-01
3.221852596345587738e+00 1.858314846034888057e-01 6.091013727304495085e-01
3.447540714822925345e+00 2.176180585270314216e-01 6.179385373333419196e-01
3.385658764425618639e+00 1.471733897217873954e-01 7.574082518829934330e-01
3.071212279558951153e+00 1.571514124563849202e-01 6.540129871367242886e-01
3.315330642075239531e+00 1.236718351284872702e-01 7.616569086194939775e-01
3.186112505105142656e+00 1.378815230794391555e-01 6.150844025176114283e-01
3.176903919786323804e+00 1.277062586867020455e-01 5.767545132017507514e-01
3.434681949693560998e+00 1.435366825026357651e-01 6.178042670615521148e-01
2.983416485757718561e+00 1.665407786737333473e-01 5.665741417508268762e-01
3.587439476849696884e+00 1.858738029287526350e-01 6.687832036522918244e-01
3.152208969548979667e+00 2.085097595686810634e-01 6.796303042017448615e-01
3.245393503093965570e+00 1.427398748006962481e-01 5.653241015362711064e-01
3.004556057030702387e+00 1.631628905985299527e-01 7.772569631340394691e-01
3.213623778511592644e+00 2.259733800992944630e-01 5.883554552819101335e-01
3.271406666058431334e+00 1.718530026060562377e-01 5.862886260616824163e-01
3.045780380222614880e+00 1.116022112580607184e-01 7.721692984714700891e-01
3.363334412874936952e+00 2.178548469535734333e-01 5.442066592697853977e-01
3.576162873901311379e+00 1.534428359990807067e-01 5.347379639008195129e-01
2.753561571876878222e+00 1.246264304790635769e-01 5.812888154078976743e-01
3.354309263455188095e+00 1.186788752810473274e-01 6.264346327465326603e-01
3.151604720398146320e+00 2.246144472664950986e-01 6.021546264907696733e-01
3.035913053226288572e+00 1.158876159269196515e-01 7.847550610735156695e-01
2.913660091744446401e+00 1.396409614848865555e-01 6.581902577956166844e-01
3.289220758649634480e+00 1.423030867287188028e-01 5.995140176021664935e-01
3.503165579771722715e+00 2.117727031977346408e-01 5.255508653725908808e-01
3.390131584976921797e+00 1.768619593386488442e-01 6.297112726974323227e-01
3.518863566990023006e+00 1.979423832994615384e-01 5.141282931933555123e-01
3.260742047620027506e+00 1.830545052753271562e-01 4.854825913476028543e-01
3.463389266827606061e+00 2.051308118075790277e-01 7.275048791573598406e-01
3.381476805008620801e+00 1.753124140377142759e-01 6.124177126043824915e-01
3.416683454956424892e+00 1.534301277628744853e-01 5.088746411844419226e-01
3.230366051581444964e+00 2.055488050611147255e-01 4.980795638071864873e-01
3.335539059210278268e+00 1.907734399450770613e-01 6.375979943931411320e-01
3.236275391971811022e+00 1.408491548635919244e-01 6.043588776308758126e-01
3.063316274104875170e+00 1.029755552502752969e-01 5.412092173178028043e-01
3.697201009246183112e+00 1.551625686518011693e-01 5.651025850485704716e-01
3.187101736001057173e+00 2.146223000527069380e-01 5.945075600814823114e-01
3.411812413495777019e+00 2.027082018379972317e-01 4.921080622842348706e-01
3.362739430639016813e+00 2.087063055819964874e-01 6.873816181103367118e-01
3.382048606214173692e+00 2.018546551764818231e-01 6.035538787792843474e-01
3.265498322029799727e+00 2.040262330055635231e-01 7.495311220673359642e-01
3.667189485399661830e+00 1.433652973348681081e-01 7.245147399688346423e-01
2.785797604950962736e+00 1.325482709321977037e-01 7.170626926475868190e-01
3.365499545500390877e+00 1.574182357976197100e-01 6.369409122562623704e-01
3.171021330224148560e+00 9.289805517128832402e-02 6.841351579951007178e-01
2.922743197873503895e+00 1.819126296963384515e-01 5.006146057760563206e-01
2.969371217643452798e+00 1.836603555193467852e-01 7.263345945831902739e-01
3.268606430206659308e+00 1.210657536106005960e-01 5.433790980482978705e-01
3.027483990749400000e+00 1.495620966440333877e-01 5.964874031327533910e-01
3.731371648069982339e+00 1.460662530904442702e-01 6.775013662974098683e-01
2.948256084787052700e+00 1.138308450055376120e-01 7.645927559467509127e-01
3.619235859958937152e+00 1.428627088344477658e-01 6.113168574917429154e-01
3.322451883105455472e+00 2.112608270836683344e-01 6.412208608046161551e-01
3.280266281428182662e+00 7.364400120612757394e-02 6.113575382930716007e-01
3.251308708937136860e+00 1.762791370146933601e-01 6.530395696910408221e-01
3.333983385735253879e+00 1.191653266290362834e-01 6.198705102048588378e-01
3.434696453293959895e+00 9.884661699629992970e-02 7.117690835536550908e-01
3.400100100139994197e+00 1.703773611651634712e-01 6.773284806910583322e-01
3.381108215389805771e+00 1.909010154874033471e-01 6.406493114634206343e-01
3.249653114697840905e+00 2.591462298136474884e-01 6.887475165972494207e-01
3.123859950837970523e+00 1.635345449028485498e-01 8.633992106003715028e-01
3.463492763325166202e+00 2.073231446095193664e-01 5.445605078524927700e-01
3.439635972205877135e+00 1.707149320301275808e-01 7.795819293704260300e-01
3.204463426084511735e+00 1.505531312721182235e-01 5.468480038703243951e-01
3.445423369862367302e+00 1.898253881035378010e-01 6.691648246406863842e-01
3.037846903856697978e+00 1.624772661672197471e-01 6.421068742606432789e-01
3.529110431129286241e+00 1.350262911909551056e-01 7.143047326899368832e-01
3.284635985811467318e+00 1.507887484850337634e-01 5.435309512976607138e-01
3.290427019213323589e+00 1.688997029549105522e-01 5.687194225884822929e-01
3.429865743870193828e+00 1.046790962701965033e-01 5.646229996801335194e-01
3.173482178374638085e+00 9.375638398428254305e-02 5.763638764952672133e-01
3.378876651469344239e+00 1.572925321218088535e-01 5.166323646115573709e-01
3.208504611129888051e+00 2.008662060865805121e-01 6.758484792862317070e-01
3.315332810046584644e+00 1.047750107693387611e-01 4.316259453700717064e-01
3.163284680483182232e+00 2.026236108354931842e-01 7.868463705123172058e-01
2.742640931303998997e+00 2.011595252355894703e-01 5.306891031000349201e-01
3.171480019923041738e+00 1.619195637829563827e-01 6.311931194673188195e-01
3.404077480713559201e+00 1.808351884207348714e-01 5.245973999453712455e-01
2.855528776828937687e+00 1.321922840501646434e-01 6.505898956095540475e-01
3.461260926193588716e+00 1.887630287758313707e-01 5.981550955557199956e-01
3.489214135246450521e+00 1.431289169331044497e-01 5.833195766737662158e-01
3.287967711583382524e+00 1.144849457810679233e-01 6.046258618699021925e-01
3.184807651183196420e+00 1.412748067331374147e-01 6.365479669901882298e-01
3.139079424664003248e+00 1.570922332158420087e-01 5.590497970008297957e-01
2.970672920091272484e+00 1.256827529261567711e-01 7.802350368092053623e-01
3.110266870824477614e+00 9.182865768747329460e-02 5.966502225495110556e-01
3.098325360546025919e+00 1.233249855378442117e-01 5.419957337658336538e-01
3.258157211580890333e+00 1.675575354065594325e-01 7.641659083025201804e-01
3.172836726254598450e+00 1.406405485034254443e-01 6.182501507212999625e-01
3.221907504302313541e+00 1.812731515652481196e-01 6.618794690918816670e-01
3.030885331317353604e+00 2.324161484306681569e-01 6.564130061183307552e-01
3.260460902345237333e+00 2.224767038948969877e-01 5.623905888391108610e-01
3.419972155896923827e+00 2.068297428824593109e-01 4.948785851344547071e-01
3.045326561643513230e+00 2.288024789646171675e-01 4.955858430534488268e-01
2.998442150143011631e+00 1.028580046835622097e-01 5.990115245402161115e-01
2.904504446762611547e+00 1.708577493991770280e-01 7.006426682381574622e-01
2.774102743233646251e+00 1.438974990538670617e-01 5.874272168638751124e-01
2.874992662567423807e+00 1.684972382818077929e-01 6.438588491456739282e-01
3.402493820326814244e+00 1.212978538408681917e-01 6.388380019584353198e-01
3.264692277941242615e+00 2.259611726091267925e-01 6.057355789953994263e-01
3.227777638674782068e+00 1.277262305421547339e-01 4.913930260443732934e-01
3.078606227405364937e+00 1.755833533644240718e-01 6.623226875038492611e-01
3.337597722541747913e+00 1.554861726861807292e-01 6.243086803070182489e-01
3.448057524164235055e+00 1.341897180770414144e-01 7.394173909238314080e-01
3.204315386140865751e+00 1.150780672974641705e-01 7.147846730068414534e-01
3.379307769369170433e+00 1.561047011859707512e-01 6.271953031962262948e-01
3.030635211187297617e+00 1.435244219454172021e-01 6.854153815890537960e-01
3.099472839404839419e+00 1.410105069230391528e-01 6.807077162443437857e-01
3.385381927443824601e+00 1.554080500121328423e-01 6.237487950084886767e-01
3.259621085546172914e+00 1.840176483976967425e-01 6.070155778816539449e-01
2.876813133035854619e+00 1.520915113252706286e-01 6.354863210216687985e-01
3.379176223086246100e+00 1.266727734200661648e-01 6.589860851131754682e-01
3.279026131208877981e+00 1.266779279961385840e-01 7.970671324300517835e-01
3.034135052950143407e+00 1.657474742251122402e-01 6.706566721813358445e-01
3.498091425846843183e+00 1.013606480482557859e-01 6.187605296216377448e-01
3.588382646183123192e+00 1.042971097609772801e-01 5.008342966453043221e-01
2.965093146370860744e+00 2.012171851773597586e-01 6.721015470794082791e-01
2.915679763810914427e+00 2.475212538540892127e-01 6.453684531359415999e-01
3.244032672378216020e+00 1.626763763322404410e-01 5.340666701974563502e-01
3.140411577486162731e+00 1.948753492592567582e-01 6.247966907333575293e-01
3.403066479619627938e+00 1.698859497758147541e-01 6.070104412011619877e-01
3.685440171050378577e+00 1.273230419009923065e-01 6.346072608297720352e-01
3.546255190550439806e+00 2.096284315480004268e-01 5.122835688472454629e-01
3.338644318081958495e+00 1.968525330202295365e-01 4.043171566415831863e-01
3.190969687647649877e+00 2.267467076341102283e-01 7.813549403149682160e-01
3.289229737984807223e+00 2.195505113763722704e-01 6.460913980244269439e-01
2.952414107934675069e+00 9.266845340083314231e-02 5.888215337080883183e-01
3.089543274916473958e+00 1.753349467305073406e-01 5.865843663903909100e-01
3.431492829346231677e+00 1.476332003802222625e-01 5.923864640019727013e-01
3.395355523408664755e+00 1.763325163700054932e-01 7.405776834514213869e-01
3.118617068767341571e+00 1.290068605070837648e-01 7.174011773666977287e-01
3.149995420460800499e+00 1.664842266822356975e-01 6.599712488534216215e-01
3.198890720918923680e+00 1.137882285087923745e-01 4.892044651433856139e-01
3.122046717394058479e+00 2.045947784849109496e-01 4.354101269588310785e-01
3.447004826224325580e+00 1.609358123996333934e-01 4.803994824438708733e-01
3.449404133798017025e+00 1.994162367587734852e-01 5.199688614197655046e-01
3.560485742327795577e+00 2.060022776987753546e-01 7.011193421047621221e-01
2.815706637593902162e+00 1.604204834884378206e-01 6.734701432790426434e-01
3.163123547348633213e+00 1.712403597324083093e-01 7.008043366682720210e-01
3.734390440555731328e+00 9.753963036168640521e-02 6.132634847309941240e-01
3.417850059929896211e+00 1.912617797270017572e-01 5.841569976934001263e-01
3.627522944313747555e+00 2.237007965870631554e-01 5.007677460289682303e-01
3.056173029777347061e+00 1.705485655542352263e-01 4.875913280143174822e-01
3.374607165763876537e+00 1.430562065459972387e-01 6.518696203534579681e-01
3.160667062277628503e+00 1.237417509680804745e-01 5.527209531967317568e-01
3.323096356135799123e+00 1.979418601085229101e-01 5.378283328130563090e-01
3.171694532122339982e+00 1.111388196385462712e-01 7.172543417546932698e-01
2.929373640970291071e+00 1.480039918185911407e-01 6.882569136984714175e-01
3.171202891886522490e+00 1.034873358283530803e-01 6.984144950283309727e-01
3.480507671783869217e+00 7.945870156590723044e-02 5.705958902380249276e-01
3.161216032826303923e+00 1.488271582736124254e-01 6.443080673486618615e-01
3.307006709413861767e+00 1.277652052290704776e-01 5.692129605600479980e-01
2.932080856583598294e+00 1.182353124809496642e-01 4.663679122243962194e-01
3.283740332649754734e+00 1.546734792010474591e-01 6.314629296864961994e-01
3.128775171239941422e+00 1.669534755930646153e-01 5.626275891939731544e-01
3.598321422003523118e+00 1.724869691946645245e-01 5.094174241203579534e-01
3.309675135326119122e+00 1.688950893809358644e-01 5.970733874275593323e-01
2.838758937880847100e+00 1.696429348029982742e-01 6.472694476603857439e-01
3.450535247073179601e+00 1.965893889630700719e-01 5.439569634629720651e-01
3.255308758528733915e+00 1.755775332047512793e-01 5.512993219381905341e-01
3.116131347010757224e+00 1.660057128435094009e-01 5.401655376079906867e-01
3.429215506291053650e+00 6.533348859981009948e-02 7.139268901753879071e-01
3.422547540776247121e+00 1.270079470351363482e-01 6.638161578009115216e-01
3.544781706760999462e+00 1.658450694974522299e-01 4.532993133860554469e-01
3.093955060873322616e+00 1.496108486114803571e-01 6.941307508868199694e-01
3.296904010568314725e+00 2.097956970341992855e-01 6.335964360013501828e-01
3.083171679600133164e+00 1.074250016779286915e-01 5.135514074267646389e-01
3.424296853442780009e+00 1.948342889690712343e-01 6.790524809180301657e-01
3.266101232238926233e+00 1.853757045166649631e-01 7.075797722474855833e-01
3.370011100022709538e+00 2.096794318724840844e-01 5.853570406521823033e-01
3.073490012718767428e+00 1.499996768902586985e-01 8.349510838233320520e-01
3.116404746776008761e+00 2.136398534472794819e-01 6.270534550527250284e-01
3.496023823488177307e+00 1.015134910051641026e-01 6.033546184076598040e-01
3.267190935266566676e+00 2.210425858951027001e-01 5.207093980278586498e-01
3.190613511057056151e+00 1.569174872896291761e-01 7.375018687117136373e-01
3.096048538868003241e+00 1.338487633595630555e-01 4.790640622452312924e-01
