1.504558468111046217e-02
1.559684112730222970e-02
1.614559205554032262e-02
1.669037102475928042e-02
1.722968338996956617e-02
1.776204013964021583e-02
1.828592648245044860e-02
1.879988423465530842e-02
1.930246768094635856e-02
1.979230574126101747e-02
2.026813036670275375e-02
2.072876043513634248e-02
2.117319109560554177e-02
2.160059357679365577e-02
2.201035120333402068e-02
2.240212259526431701e-02
2.277588173222669723e-02
2.313193948506088796e-02
2.347102429954637040e-02
2.379432372367091403e-02
2.410353932228560120e-02
2.440094698294243206e-02
2.468943972191904243e-02
2.497259279806174001e-02
2.525471772748036012e-02
2.554091136328905456e-02
2.583710953049982162e-02
2.615011055160603587e-02
2.648762101560220641e-02
2.685828653023990611e-02
2.727171032409615725e-02
2.773844985626348555e-02
2.827001246507068397e-02
2.887890081787854515e-02
2.957854262834425096e-02
3.038314941274146419e-02
3.130790448319833302e-02
3.236880045343095563e-02
3.358248090085308446e-02
3.496596754714655780e-02
3.653703821451537853e-02
3.831379132373567697e-02
4.031439920524726439e-02
4.255700081981066835e-02
4.505946187617288629e-02
4.783900998851903924e-02
5.091264238244135043e-02
5.429614150475019912e-02
5.800405697486697015e-02
6.204942383682667678e-02
6.644347267538831814e-02
7.119533478502947099e-02
7.631174593216828728e-02
8.179675258410350203e-02
8.765142478424106653e-02
9.387358012157910603e-02
1.004575234610717988e-01
1.073938072574001923e-01
1.146690173546910385e-01
1.222655891667433353e-01
1.301616590259417061e-01
1.383309740251554287e-01
1.467427854233511186e-01
1.553618594248780960e-01
1.641487970658447315e-01
1.730596113232726885e-01
1.820458547678964478e-01
1.910552055053299503e-01
2.000315896260420057e-01
2.089154408748894187e-01
2.176441089542520135e-01
2.261524707644856080e-01
2.343739487541820210e-01
2.422383055426199638e-01
2.496751785602042140e-01
2.566136720495789114e-01
2.629829991481526519e-01
2.687131442466110798e-01
2.737359123473000477e-01
2.779852792728017552e-01
2.813966306885320456e-01
2.839097782739527509e-01
2.854687067214876084e-01
2.860222182977597560e-01
2.855245639064123431e-01
2.839360242450437166e-01
2.812234451333058272e-01
2.773607632686526658e-01
2.723293854850529772e-01
2.661182734544880191e-01
2.587248158384000685e-01
2.501547635195037200e-01
2.404223738675909106e-01
2.295504653915340365e-01
2.175703862971608837e-01
2.045218987224405316e-01
1.904529831495013481e-01
1.754195524195104050e-01
1.594850790232094917e-01
1.427201488488461789e-01
1.252019396227869175e-01
1.070136279995197726e-01
8.824372376559293241e-02
6.898536317928093131e-02
4.933554436399732734e-02
2.939431936846579815e-02
9.263961800249733911e-03
1.734487206688076740e-22
2.839079621768535157e-21
1.587684412916335066e-23
3.070655237444043423e-20
1.941295395192775811e-20
-1.808448234702509313e-20
-2.033798386313476153e-25
1.870168301526340269e-21
-8.196318965891029962e-21
-4.192346738273890553e-20
-7.475110576032692012e-20
-2.020123062304755433e-19
-1.119172253279255688e-19
-1.318539268229019085e-19
1.073256623816654373e-25
-1.464495787991493521e-19
2.733037749139351770e-19
-2.723447570285797639e-20
1.387401903774213410e-19
-5.302963807865729110e-20
3.523137917827526741e-22
-7.531405662705922884e-20
-6.116483299211919933e-19
-5.300317419728036051e-19
6.350141097346268890e-19
6.430123738967479731e-19
6.473220987355792200e-19
6.481721950225054143e-19
6.458087580359873048e-19
6.404784839136345874e-19
6.324325289509601861e-19
6.219274491069508910e-19
6.092150592883635843e-19
5.945478729800638974e-19
5.781727703747769285e-19
5.603262921951763371e-19
5.412407547325792732e-19
5.211578373820150885e-19
5.002843056097908166e-19
4.788100223423302527e-19
2.821251109904236095e-17
4.348086138781844549e-19
4.125885239801747499e-19
3.904458674870581740e-19
3.684804390773118968e-19
3.468180613847410087e-19
3.255818346580523728e-19
3.048425112543676528e-19
2.847044773739041635e-19
2.652182840956192944e-19
2.464222621923725756e-19
2.283291499484359822e-19
2.109925903147796453e-19
1.944335396787452077e-19
1.786731945548627642e-19
1.637255538217257830e-19
1.495922620865443351e-19
1.363108254467627079e-19
1.238049339533567123e-19
1.120838562155169311e-19
1.011166967984164460e-19
9.090841783791985502e-20
8.147447337229535300e-20
7.271149739736911240e-20
6.461375837673654431e-20
5.712941292761887172e-20
5.022541813380713222e-20
4.393471027694665770e-20
3.827206232694303342e-20
3.313678847735584199e-20
2.848159223655163700e-20
2.434061892687547696e-20
2.066406705654075076e-20
1.737915188975856608e-20
1.448362007135390246e-20
1.192997061984263933e-20
9.678593857423871105e-21
7.697077634384519256e-21
5.961677781863139649e-21
4.514309941514368625e-21
3.280196796809870054e-21
2.233343602705487825e-21
1.393403328229264281e-21
7.488820561417108223e-22
2.793684559260422547e-22
-9.129844207769182208e-23
-3.820701919248459455e-22
-5.709615700622025914e-22
-7.335913461934447959e-22
-8.697069536913766681e-22
-9.531012224952600942e-22
2.728635901192236467e-23
8.750286659374857364e-05
2.076804701699199146e-04
3.032871181544788885e-04
3.773133059358965138e-04
4.324681393071560685e-04
4.712000286259046132e-04
4.957203335436598723e-04
5.080232311540801684e-04
5.099019175757702436e-04
5.029675384660135286e-04
4.886666201405390859e-04
4.682952192506988965e-04
4.430127394321754894e-04
4.138536039878713238e-04
3.817406865289356302e-04
3.474953696059948638e-04
3.118455698352997079e-04
2.754342941708948569e-04
2.388289643509758484e-04
2.025261730674493609e-04
1.669584050308548667e-04
1.324993569370543013e-04
9.946867316935394945e-05
6.813721273815361945e-05
3.872813821883270007e-05
1.142241227691580118e-05
-1.630120055188779749e-26
2.923894338473537803e-25
-5.299099911626257529e-24
1.355462605793342387e-20
1.722166365824572667e-24
9.406188509546707475e-24
2.370811089813998289e-22
1.355290725510110511e-22
-3.385523885009631487e-24
-1.057029450205353757e-22
-1.124564472901550362e-22
1.425346073068460261e-22
2.689874330069910198e-20
-4.846233705059406864e-22
3.948332305354449879e-22
1.543911500137214972e-22
-2.615399970555369566e-22
-2.045126586566547100e-23
-5.288231923811617725e-23
1.244376043240842867e-22
6.351111962368385284e-23
3.497315836839164704e-23
1.002301203077874950e-23
-2.883580307931186297e-25
-2.888856752609866216e-25
0.000000000000000000e+00
7.681394105286220008e-06
1.924514228702865889e-05
3.040798694791655259e-05
4.108855820935459113e-05
5.121516574965495112e-05
6.072658774484797676e-05
6.957116400528598412e-05
7.770665527611562680e-05
8.509978675463463231e-05
9.172593824088512426e-05
9.756882501121258346e-05
1.026201230039870856e-04
1.068772742708332720e-04
1.103448718356695888e-04
1.130331160545455446e-04
1.149575145173503871e-04
1.161379289494243581e-04
1.165993943646833107e-04
1.163684422576986242e-04
1.154758003963379407e-04
1.139542252039580891e-04
1.118380716799501518e-04
1.091633634470190201e-04
1.059669455342171203e-04
1.022866157429147749e-04
9.816043950805719521e-05
9.362627009524163786e-05
8.872248156244022879e-05
8.348728109354811857e-05
7.795687741148974695e-05
7.216937066736836038e-05
6.616086118894871568e-05
5.996721554233977854e-05
5.362306970895672431e-05
4.716280981681596820e-05
4.062065242260735410e-05
3.402986991091989851e-05
2.742272715385241983e-05
2.083125283533742832e-05
1.428693145421000522e-05
7.820548856753470647e-06
1.462431793015367288e-06
1.635538469765761879e-25
-6.594395699747891085e-25
-3.999170849763037655e-24
4.856056579340066231e-27
-5.089991704258380568e-27
-6.432230112525944921e-27
-4.681459633964294437e-25
-1.938266193480731558e-24
-4.092316928744844302e-26
-7.468904163302509705e-24
-3.484280779738332260e-24
-6.305779433654052991e-24
-4.456783365454977839e-24
2.718979589167200210e-26
-4.600926696992590081e-23
1.091980452636383984e-22
-6.399451787113991984e-23
7.064363911858120658e-23
5.289585927902751985e-24
1.177624190749573509e-22
2.814450862153900821e-22
-2.214846225401233399e-22
-1.013245408357983882e-22
9.896229964570028828e-23
-1.892685019827993867e-23
-3.415785234287180767e-23
2.756949119326375156e-24
-7.627553923505018211e-23
-5.084687565673114093e-23
8.626887211490628189e-23
-2.269894891143470205e-23
5.731872982506278044e-23
-4.072871065739367108e-23
7.669766444739240691e-24
-2.318400339245874770e-25
-9.419991788049230670e-24
-1.051547341233272450e-23
1.425438635349710521e-24
3.929687906789392871e-26
8.048346957312338808e-07
4.786216183932005556e-06
8.598159452319193338e-06
1.221401627399377836e-05
1.560925346714638642e-05
1.876166102276048369e-05
2.165150940742254160e-05
2.426167005938836637e-05
2.657800944585953575e-05
2.858859925855543828e-05
3.028453518145062909e-05
3.165983597484783418e-05
3.271121460505497142e-05
3.343834108104164600e-05
3.384349608523882065e-05
3.393160503695833027e-05
3.371002245487821509e-05
3.318858403333381502e-05
3.237943053057188949e-05
3.129638021861645187e-05
2.995539418035885230e-05
2.837422388139295370e-05
2.657187012270148760e-05
2.456832749610247458e-05
2.238501821173957080e-05
2.004415139370703243e-05
1.756843541147814166e-05
1.498077424997284600e-05
1.230461505309448840e-05
9.562921902856554016e-06
6.778749547834634343e-06
3.974884203352786074e-06
1.173221638290750603e-06
0.000000000000000000e+00
1.395526658113162074e-25
2.553878179418292295e-26
1.895900985047929239e-24
3.880474832927322393e-24
-1.068095093267188898e-24
-3.238334019616326390e-25
-2.405403214416469085e-24
-1.711368851304449390e-24
-3.340000428029247739e-25
-1.404101732925485389e-24
-4.433254444425363534e-24
1.379842825071372840e-23
2.279438993277997708e-23
4.878011631277853709e-23
-5.761902013767337015e-23
-3.153658281840883249e-23
-1.445016587342950837e-22
1.136532049052430772e-22
1.633916642802655127e-22
1.602994086156219477e-22
-3.516057973561795948e-23
7.796417694448199140e-23
1.148328999067965032e-22
8.785269780196911960e-23
-3.262339364855721610e-23
-5.544620630511713311e-23
2.752603672309794635e-23
-7.185904170894801097e-23
-4.490135106658465147e-24
-2.543654743295531832e-23
3.962006011691399464e-23
-3.726923426506669071e-23
-5.069758646997786131e-23
9.896591867623885018e-24
