3.461759501462188915e+00 9.336428924469569735e-02 5.738840581834686594e-01
3.709843264236625693e+00 1.668644346319387295e-01 6.012050232269703365e-01
3.975396384240928338e+00 1.980868805199593463e-01 5.855595720940605098e-01
3.552627038953023231e+00 8.307352093489721312e-02 6.155248226163213543e-01
3.776166662224651471e+00 1.024347402784538119e-01 5.203283400582099372e-01
3.855162321530501313e+00 1.548482067602851564e-01 6.902120540333124277e-01
3.838046570809746427e+00 9.540722901265794031e-02 6.692461783620717863e-01
4.268601894819250120e+00 1.420640258305505832e-01 5.258539043306509342e-01
3.448626526749615451e+00 1.866681925236124973e-01 6.036336043961895159e-01
3.616603185784439844e+00 1.179618577917951605e-01 6.824705049684998137e-01
4.052991512671363594e+00 1.251448301130548835e-01 6.000332581467996418e-01
3.772349666040292870e+00 1.781640445032513786e-01 5.852282059711203521e-01
4.034459259104256290e+00 8.126898349897980489e-02 5.980007262664389645e-01
4.246011338538500546e+00 1.367314801704438698e-01 5.439710551269949512e-01
3.757202584223998887e+00 1.996716681716791952e-01 6.651491250166522429e-01
3.625467537986360789e+00 1.268040703151203652e-01 6.989786519622540606e-01
3.743902365780430230e+00 1.857372222697319941e-01 6.781783605708505691e-01
3.428905436394429351e+00 1.267767574286353116e-01 6.406973326343929909e-01
3.879308290310762963e+00 1.202565151584596564e-01 5.428549057859209936e-01
3.608349842568086885e+00 2.147124671206211977e-01 6.495770677493774015e-01
3.635548563792709409e+00 1.553194399739910303e-01 5.064290096139700825e-01
3.405827632315698850e+00 2.089332691805430020e-01 7.120072244683973706e-01
3.468701312219851118e+00 2.321502749432997614e-01 5.675056191913840919e-01
3.653005335562867106e+00 1.840398538355123847e-01 5.810718501402070135e-01
3.822665346968068700e+00 1.968429958513361333e-01 5.757526680448258327e-01
3.869930027556461205e+00 1.000937594181095930e-01 5.931989235768725388e-01
3.623688525771620483e+00 1.633538340123069088e-01 6.228843756497294271e-01
3.458131695163828567e+00 1.927570958553839198e-01 6.492777658169121002e-01
3.644114415917571126e+00 2.243803941666887569e-01 6.564663732665847462e-01
3.520971163112742275e+00 2.059625775212514387e-01 6.479395789361854785e-01
4.010468838460385932e+00 1.798164038970191947e-01 5.817588689932096102e-01
4.334880250430328097e+00 1.280649896542775390e-01 6.116435976117323703e-01
3.451780361947299980e+00 1.525104107626845396e-01 6.834336828157485666e-01
3.760591013334320554e+00 1.355297551008488310e-01 6.351019463270932697e-01
4.276331808059808282e+00 1.935301193715471268e-01 6.652579523078528956e-01
3.744071400663199878e+00 9.623708366008998372e-02 7.320359490231660438e-01
3.805742120791570482e+00 1.762030722310575226e-01 5.645394156843926980e-01
4.243454303321216869e+00 1.320232888398041871e-01 5.255481216833127744e-01
3.884300580504569833e+00 7.835229343093001730e-02 5.615537265222150243e-01
3.569542900563229981e+00 8.835978158503549063e-02 7.523148804465837891e-01
3.842788418344103007e+00 1.777890402090300803e-01 6.478680861659140700e-01
3.833295914802774096e+00 1.946430685320927889e-01 6.111697495247009337e-01
3.703815647480021234e+00 1.141113929219701173e-01 5.573615313298965201e-01
3.825376572532475539e+00 1.853248911571334090e-01 6.601118965447529963e-01
3.931470020119946174e+00 1.938650860208794846e-01 6.669236446631169324e-01
4.192588629507361553e+00 1.568002287406297657e-01 5.700279381702004766e-01
3.969705821549407432e+00 1.547119838498033639e-01 7.264505785424968387e-01
3.313883696151419755e+00 1.617945194295829503e-01 6.586491562885300466e-01
3.741866727031510020e+00 5.417369441685117304e-02 6.820257965837180913e-01
3.433732080491338046e+00 7.678678795918571220e-02 6.788138943917441104e-01
3.600272499965095907e+00 2.081024270369101203e-01 6.779329785567855815e-01
3.447557590654579229e+00 1.595123972350714903e-01 5.275940039254695124e-01
3.619430487086670922e+00 2.038681098625866883e-01 6.570984318790916712e-01
3.968103255042416677e+00 2.031888168924987359e-01 4.836417788692102260e-01
3.709859197348952531e+00 9.840596252087555063e-02 5.942913878368222269e-01
3.811462884237546866e+00 1.515519541990549002e-01 6.775312720156323465e-01
3.893249823631754314e+00 1.028345649885546165e-01 6.519940953102266734e-01
3.382086708688752275e+00 2.237830749328594271e-01 5.519302115348827531e-01
3.871368530161612753e+00 9.613232249564548915e-02 6.006338318860646730e-01
3.392207090612722631e+00 1.823796928004884355e-01 7.141896931560981487e-01
3.938960632903395265e+00 1.496216108489018815e-01 5.299787507619153626e-01
3.542230215679433858e+00 1.382356518563715997e-01 5.248618367710469190e-01
3.816267469858952488e+00 2.157775618849082921e-01 6.836395367387039235e-01
3.803474566202427631e+00 1.825731517674753501e-01 6.184819183062271186e-01
3.577250656384815208e+00 2.082834792103945842e-01 6.350557780698161681e-01
3.982858374823432968e+00 1.081732874514800546e-01 5.549190016055998154e-01
3.703202293079429719e+00 1.652492140359648753e-01 5.915780372124497255e-01
3.685146066809473098e+00 2.121372030187905211e-01 5.360583671856793408e-01
3.410144750819630755e+00 8.219242340779848999e-02 6.859249804122291572e-01
3.491518858693164251e+00 1.014739087679651930e-01 7.526777181667390071e-01
3.969084218664458152e+00 1.413827875037299009e-01 6.207587696112011333e-01
3.742634687991998721e+00 1.730299871767408681e-01 4.907949817847713780e-01
3.668875332327298011e+00 1.514863084710117158e-01 5.052128299128967326e-01
4.152952689351988802e+00 1.291721689975066367e-01 6.031386911588807465e-01
4.312657088547083184e+00 1.184970029894212157e-01 6.627591528898628681e-01
3.601167002095863712e+00 1.152250738539539743e-01 4.521112117446615675e-01
3.910271507884296227e+00 9.179724443475681395e-02 5.818116619295606862e-01
3.454255916051105491e+00 1.213518321277667622e-01 6.683244525028134708e-01
3.432512850557731809e+00 1.720615519226877943e-01 4.785553604764780644e-01
3.851791022545658638e+00 1.766889426698481924e-01 6.845304983227248341e-01
3.670716007077608367e+00 1.629815448521161891e-01 5.359497872423877318e-01
3.375992969354268958e+00 1.879006443666787207e-01 6.722923404443552631e-01
4.369202334130763532e+00 1.814949698165856662e-01 5.880208682182831437e-01
3.608156161575758691e+00 1.069927318663548010e-01 7.327381587993101464e-01
3.793770685367630513e+00 2.167743209892094847e-01 6.072066750423894543e-01
3.964325722167699961e+00 1.744852579886273514e-01 6.948963405295881524e-01
3.593217154480631059e+00 1.802610095625485354e-01 7.004837648061483790e-01
4.076149305239169962e+00 1.267331869963062019e-01 6.734937765703246093e-01
3.315562214268338082e+00 8.646249698162951358e-02 6.245708714540884055e-01
3.824451691686119315e+00 1.078677040137342169e-01 6.188975010443895641e-01
3.656267051803486545e+00 1.498312113585884564e-01 7.232272699956259210e-01
3.537628080464471747e+00 1.964020574911493344e-01 6.494573304612443199e-01
3.591831735251714619e+00 1.250671540183538322e-01 7.777760611376733912e-01
3.752264292353829855e+00 1.281340725883482468e-01 5.265150547823514993e-01
3.658796257643591066e+00 1.195591797456485583e-01 6.034153209925099404e-01
3.812616535359564462e+00 1.316441732914507001e-01 6.726430368846022523e-01
3.450455985780525925e+00 1.548367279002655916e-01 5.901346748040599000e-01
3.990249819435462975e+00 2.081302500243351616e-01 5.916000744607241568e-01
3.733004023596782961e+00 1.368037900177150323e-01 6.483640088297193405e-01
3.826682746450030592e+00 1.429566162789709105e-01 4.786216965770254683e-01
3.909522771838958910e+00 1.295023423558054887e-01 5.753426798453650237e-01
3.794021848283353648e+00 1.755867426459252478e-01 8.024129199211789132e-01
3.903623528760673089e+00 1.019441065774672334e-01 5.286984691768816802e-01
3.619621720453797042e+00 1.427835357213333711e-01 5.459978756698409263e-01
4.008955336892984889e+00 1.127017720626014297e-01 7.618282014077656372e-01
3.750798410932390414e+00 1.318629269697633999e-01 7.351921914234861299e-01
3.537476689337842650e+00 1.377144943629599605e-01 6.474907996367954555e-01
3.631930508054774354e+00 8.422169029425988218e-02 7.193987143688582719e-01
3.445355020973075444e+00 1.713822483477690506e-01 6.435842165641254553e-01
3.315493971109666482e+00 1.592917949274510747e-01 6.782361606242008900e-01
4.103313870407458097e+00 1.577087191447693049e-01 6.769741792872624453e-01
4.018646420735162650e+00 1.553786456444838371e-01 7.094790703450618574e-01
3.819577925314821876e+00 9.121529172355412329e-02 6.850576322028373299e-01
3.292310703212185885e+00 1.949950781929681853e-01 5.775598282373766157e-01
3.978099885653734624e+00 1.906686714060240040e-01 4.683443023828245400e-01
3.380940016547355764e+00 1.467711300079779790e-01 5.512417366629643878e-01
4.335852668873837246e+00 1.677513262159964491e-01 6.365614517541228201e-01
4.225470292023884689e+00 1.484069554999749851e-01 6.470916677178660814e-01
3.801091898682274373e+00 1.699120143206753752e-01 6.225293503463857903e-01
4.320677651432639266e+00 1.119479330239869508e-01 6.496401551515351702e-01
4.140337148173544257e+00 2.084670081339501102e-01 6.026154154003598995e-01
3.750114626487105696e+00 1.086734189816658952e-01 6.960951778383284161e-01
3.902814766797203738e+00 1.125450782190175747e-01 6.396012906736288084e-01
3.623668835409917577e+00 1.775838838240814677e-01 6.702411175055995596e-01
3.933274166668156546e+00 1.348286916454772832e-01 5.989036662613833606e-01
3.773617174740528046e+00 1.572785033252043774e-01 6.512380177606890141e-01
4.051471007125991619e+00 1.443771570967908868e-01 5.998307720392247466e-01
3.787716764977682615e+00 1.370668812536602887e-01 5.234345007167513497e-01
3.773448655851498579e+00 8.201469328799371183e-02 5.448616946103782555e-01
3.970001186582359676e+00 1.487435594669840322e-01 4.953528868488855652e-01
3.383294608213896826e+00 1.566623278037901634e-01 5.234839875848336099e-01
4.009930647898452882e+00 1.295414609287761920e-01 5.829812454930992649e-01
4.259095913585679405e+00 1.759032921960141937e-01 6.540122129111015647e-01
3.823587222224327675e+00 8.357837170503745750e-02 6.001576769720672333e-01
4.126354599486265151e+00 1.513363130722601146e-01 5.820201727712711604e-01
3.850214254863184582e+00 2.196812421028901396e-01 6.001625146651634601e-01
4.296408316898259194e+00 1.667477544229613862e-01 5.598716894176627434e-01
4.216784350060574837e+00 1.372532330860167793e-01 7.413861372371681746e-01
3.434974843295651503e+00 1.133612661698631396e-01 6.006296818862212339e-01
3.872800590619656980e+00 1.920444366360777588e-01 4.854590947399394230e-01
4.047207758729499893e+00 1.586052453696346620e-01 7.873289041884686812e-01
3.744532599818887419e+00 1.362925467261026924e-01 7.235490641474032758e-01
3.573805933217466979e+00 1.499391299705871705e-01 6.282755466971747804e-01
3.649894643974704422e+00 1.789452792223810151e-01 4.672884447166584243e-01
3.936443640281265921e+00 1.294245313703343003e-01 6.565806685917857655e-01
3.929987318686379183e+00 1.834201543670308521e-01 7.300845824694688346e-01
3.694159033157415006e+00 9.689605051269620239e-02 6.191695710254371265e-01
3.434174170646361546e+00 1.408474111660115990e-01 6.163162908904876724e-01
3.778108235222075173e+00 1.747058305754802809e-01 6.401964526066119543e-01
3.247013003488566696e+00 1.360442568635487348e-01 6.278586341798017001e-01
3.500055274237955594e+00 1.763804426481793419e-01 7.186666417512759253e-01
3.944249068466891384e+00 1.403705725798709281e-01 6.193054519541312253e-01
3.742062022596284177e+00 2.064382282412492997e-01 5.559829956490762726e-01
3.778176599929238488e+00 1.517702050443449635e-01 6.395682966181263085e-01
3.836167844310861330e+00 9.603429252114789594e-02 6.991376406966047785e-01
3.826915952988076075e+00 1.904436728112487431e-01 6.024638374277814235e-01
3.629367119724987933e+00 1.049887100228883707e-01 5.101564184017522985e-01
4.191292286754264573e+00 1.977352907011505623e-01 6.062105297760850275e-01
3.744764487763236005e+00 1.737485315178159684e-01 6.723335799033682836e-01
3.828172912496072389e+00 1.184927397944872257e-01 5.838810260204979619e-01
3.369731064919645025e+00 1.492146948191809819e-01 5.350124857523697042e-01
4.169661062776675031e+00 1.462655810125488287e-01 7.585295535569631653e-01
4.175086585996490740e+00 1.336427644839881801e-01 5.757055679841461826e-01
4.033873624183471840e+00 1.584557499343467735e-01 4.495829836675617752e-01
3.845202358573910129e+00 1.369438473898516029e-01 5.929136561579514408e-01
3.399646144182611351e+00 1.280999121838130306e-01 6.778423233595946007e-01
4.274614576804667720e+00 1.822917879139348829e-01 6.330258229051884955e-01
3.790877766408638827e+00 1.455305651481132723e-01 5.611756840267276836e-01
3.937388942601624198e+00 1.447631622986828848e-01 6.122018732980291089e-01
3.720757336155414485e+00 1.971279390143590993e-01 5.827709796139304288e-01
4.065049320685609757e+00 2.178514187642628663e-01 5.960417355246447890e-01
3.487233771117171255e+00 2.111882715369020613e-01 7.009550732025533470e-01
4.218447860193543342e+00 1.977756878119292794e-01 7.224517585183910517e-01
4.097458519757308792e+00 1.278093893654073387e-01 5.591180407493194782e-01
3.882871828637951772e+00 1.412885589315164003e-01 6.644497085411456005e-01
3.959925855938737804e+00 1.815763442808244754e-01 6.840174512772179138e-01
3.891834143926985234e+00 1.972816316969704387e-01 5.752776128266423594e-01
4.118955386719155953e+00 2.271915785070842686e-01 6.631554061008292367e-01
3.753212795122902623e+00 6.515492605545303295e-02 6.784696209051052085e-01
4.065273167095273976e+00 1.057260361210470706e-01 7.038419590716951113e-01
4.049913912263470195e+00 2.070803911585989421e-01 6.875769244743007436e-01
3.416919576778436607e+00 1.280325208559024985e-01 5.254641669316416630e-01
3.521094047305493469e+00 1.518442062369958212e-01 6.058136411035515145e-01
3.532188987275088010e+00 1.465099431069294966e-01 5.423360356801413262e-01
3.805800746682527436e+00 1.064378129390559091e-01 6.004793760095523680e-01
3.519611742957746259e+00 1.947341621398143707e-01 7.356095996860034791e-01
3.672864250575021305e+00 1.070182825622655598e-01 6.351958743776924265e-01
3.910866325150636147e+00 1.678129007900313885e-01 5.713006682432265615e-01
3.672849338697111943e+00 1.749669284520038448e-01 6.678581300893081663e-01
3.748420119170931653e+00 1.762838777744308305e-01 6.970396799796665377e-01
3.804570988382949270e+00 1.984668541114044116e-01 4.855116761053144825e-01
3.526163134285096312e+00 1.712049957719684046e-01 5.575637311596030044e-01
3.697719556788663375e+00 2.164795355868206483e-01 4.897091429973234877e-01
3.371390425353693931e+00 1.514791359939138271e-01 5.018556930966260321e-01
4.015404534639937850e+00 1.750334604436109553e-01 5.534264166698433796e-01
3.273487172050808525e+00 1.514474932108592908e-01 5.347673354115208832e-01
3.728286174826688892e+00 1.991994382838542521e-01 5.514756517085998011e-01
3.406628358653136956e+00 2.258251814889056797e-01 6.323200069900238862e-01
3.675683024623936035e+00 1.825421723208031366e-01 6.477598555411516745e-01
3.809310204916545928e+00 1.841321380776110850e-01 6.708705901710938502e-01
3.598678525993153521e+00 1.484418948062126431e-01 6.136348616175620885e-01
4.397687341181764076e+00 1.485763595676221349e-01 5.407636328187209740e-01
3.441416997434761704e+00 1.259221335298983391e-01 5.818507922225609752e-01
3.862149459144851527e+00 1.834352926137808593e-01 5.359415496387548439e-01
3.369882433265371624e+00 1.412727709612888738e-01 5.647376155850326596e-01
3.411674112507216083e+00 1.239396547786381364e-01 5.913085209640126516e-01
3.894992046722145496e+00 1.486045252475657052e-01 7.485666799008774408e-01
4.027229848082000352e+00 1.283492055385041797e-01 6.301727035178942282e-01
3.693072804762061345e+00 1.592529003888310535e-01 5.849219892968442469e-01
4.055319930600695955e+00 2.052771709252508014e-01 5.873361119637198202e-01
3.525242617940600010e+00 1.461307661751540532e-01 6.213480196459584270e-01
3.625279785222925266e+00 6.814805817313240865e-02 5.673393883841456597e-01
3.615499442106153261e+00 1.666404001914081889e-01 6.764190904158573492e-01
3.954378036486128511e+00 1.786058905399671159e-01 5.623105074757057675e-01
3.527953155547192132e+00 1.842841697297503134e-01 4.849078319521253899e-01
4.300842648172557681e+00 1.681690288646364162e-01 6.123829118287563711e-01
4.040574491485085851e+00 9.795571829795277075e-02 5.861007704689048525e-01
3.292412816144880683e+00 1.315509890477470634e-01 6.669045880186738051e-01
3.932005800008124830e+00 1.497430456160664669e-01 6.546587827361015632e-01
3.775180498054934386e+00 1.276311511599020898e-01 6.354792602340436636e-01
3.197857494740153683e+00 1.487895718954558300e-01 7.408473512389581739e-01
3.953043606528874765e+00 1.452598000581668269e-01 6.221196031143559901e-01
3.886482068973383885e+00 1.533785228107450993e-01 5.945597027833072756e-01
3.738918722658540084e+00 1.131038501063275081e-01 6.001563380526565572e-01
3.852830071158634517e+00 1.721320215522153807e-01 7.123018288111324647e-01
3.877929179749915800e+00 1.279350110454691158e-01 4.386445474772021624e-01
3.360226228332066967e+00 1.791227015561973335e-01 5.854522945317933713e-01
3.770008615000332242e+00 1.418026091067944583e-01 6.558811470235718089e-01
3.316911959108705066e+00 1.450646234310119798e-01 6.301733214588771670e-01
4.055380268087854567e+00 1.325896702122764392e-01 6.645958942500259647e-01
3.875596647931969230e+00 1.382019683266883237e-01 5.309186190915261561e-01
4.284370357736244195e+00 1.096971956383800406e-01 6.164328048068172805e-01
4.318862660427775779e+00 1.635611973272114716e-01 6.263859064137912158e-01
3.519958406353735914e+00 1.406970391442040891e-01 7.763214042624744238e-01
3.897477570804291691e+00 1.760067407957673635e-01 6.646431589858314837e-01
3.362288597696825310e+00 1.209728196018576146e-01 6.164732847413145755e-01
3.974117095954814438e+00 1.316355020939969367e-01 6.656576844741837196e-01
3.613727860848006124e+00 1.528896689030229683e-01 5.596427243446369104e-01
3.535972219346564138e+00 1.337098498257092705e-01 7.858932524057212765e-01
3.673217998974265708e+00 2.382701419196439629e-01 6.788102305569888584e-01
3.840577950729090695e+00 1.525451047879509969e-01 7.262199986217267034e-01
3.823913301056277803e+00 1.853506512215522539e-01 6.319895502383144903e-01
3.664154493073106700e+00 1.630051287415165140e-01 6.532299232394103150e-01
3.691212573947326714e+00 6.669290757392765112e-02 6.919775667786995932e-01
3.588942265707785850e+00 1.708905651243361190e-01 6.164120314623410257e-01
3.798155012837586053e+00 1.213243946427038367e-01 5.422131098312931163e-01
3.282904743926756463e+00 2.003269609125973016e-01 6.741971048853593329e-01
3.903811819472926103e+00 2.016203149370977554e-01 6.547519708909715908e-01
3.113055528478078759e+00 1.216572333043517418e-01 6.209915831133183683e-01
3.206898779058190208e+00 1.989512708083093218e-01 5.991121761384459177e-01
3.456398854502936491e+00 9.899561528129965926e-02 5.559268774729034801e-01
3.942236013665599614e+00 2.040302394421908416e-01 6.425519013981509930e-01
4.187544454890615775e+00 1.178951771803604109e-01 5.750163066317328653e-01
3.733427593655709753e+00 1.161714699677541957e-01 6.347659397140008597e-01
3.786949571271156501e+00 1.984770779814429009e-01 6.838953553819907549e-01
3.586347361333796613e+00 1.890086371286851530e-01 6.087811231128695821e-01
4.023210666059950036e+00 1.091946441265144729e-01 5.340436650444881916e-01
4.201234586938046967e+00 1.259772852359656026e-01 7.221288364441100782e-01
3.956347480162027530e+00 1.272653141912748476e-01 7.290794681674336308e-01
3.881013028784768615e+00 9.325597106317048968e-02 6.318054604840690480e-01
3.664394371679995377e+00 1.637682653522626042e-01 7.920039892681207672e-01
3.400034420045612293e+00 1.947481335938814895e-01 7.219904011433964097e-01
3.939457891233519415e+00 1.645634510618681490e-01 6.741411489734489004e-01
3.487427747598759176e+00 2.083054244818494938e-01 6.141597990464379153e-01
4.072887266445083476e+00 1.144006986388224345e-01 7.058391240831576319e-01
4.093592100476395323e+00 1.360539688799317359e-01 6.208532808318797391e-01
3.297098328913687038e+00 1.438251330576608145e-01 5.640010613762995728e-01
4.064780920824127008e+00 1.698930005752768979e-01 7.137445934954328441e-01
3.966122409980255448e+00 8.557655600088097392e-02 6.261641476232003845e-01
3.304537648043337938e+00 9.207806941773141740e-02 5.237737452103338187e-01
3.346591375671035706e+00 1.660812059651964046e-01 4.708899951497229619e-01
3.689253267395436353e+00 1.463891264108644619e-01 6.446011704732457215e-01
3.865408430792473649e+00 1.441527096650706274e-01 6.101035430827689288e-01
3.921116209130722563e+00 1.596052650606868684e-01 6.224362125795364076e-01
3.809122227788579895e+00 1.717241524811147224e-01 7.564890310267977647e-01
3.776498842118699795e+00 1.685713330692133194e-01 6.480032434670822683e-01
3.979911006833857900e+00 1.499350695687466095e-01 6.958995258674363082e-01
3.253662115744453409e+00 1.344128630873174524e-01 6.589662292101821084e-01
3.494208573026543085e+00 1.358444522023406487e-01 5.305548993829681814e-01
3.473606241713664833e+00 1.287811242510148724e-01 6.648865263869968567e-01
4.156595997417310784e+00 1.507131597411827950e-01 6.813864572924244190e-01
3.841289052633742873e+00 1.952265037122608293e-01 5.957302361288567827e-01
3.904760622062844355e+00 1.406086114595463676e-01 7.481701620407984477e-01
3.731260573099529854e+00 5.665764198563998100e-02 6.039781605758890448e-01
3.312772803712290326e+00 1.106880083706002771e-01 5.155180435092409086e-01
3.590528259333223726e+00 1.678153914138268143e-01 6.118894995846206886e-01
3.638349518863197130e+00 1.399638815809433612e-01 6.673340995688397115e-01
4.289356414148723040e+00 1.394117699271834321e-01 4.975987009402392247e-01
3.795535230941020632e+00 1.751548459801166857e-01 6.537104051283222361e-01
3.910340463371529740e+00 9.045300795935065641e-02 6.368135454693831798e-01
3.563461575064662323e+00 1.883748407900934507e-01 6.891274500698369998e-01
3.663815785323482732e+00 1.485418923179838702e-01 5.250125563533309947e-01
3.462321324621961072e+00 9.690585107593308045e-02 6.634216682563959244e-01
3.834663281642086918e+00 1.750060559288609541e-01 5.835124801121980287e-01
3.745610977127565633e+00 1.213174057935677008e-01 5.592074649646112672e-01
4.021216649061334358e+00 8.482886648912130179e-02 6.553111429191679216e-01
3.548666029256151599e+00 9.835501795980908235e-02 5.821786557087441638e-01
3.854942220326921021e+00 1.332827393079043798e-01 6.583052400641770108e-01
4.015909372261955212e+00 1.057874693799733673e-01 5.783730996815622527e-01
3.622991877175689268e+00 1.098367281794910277e-01 6.352358330062640723e-01
3.665991033989641323e+00 1.436961453197136973e-01 5.574236801879531855e-01
4.139483274693983361e+00 1.529870898028547477e-01 5.954709380459325407e-01
3.912675964613597124e+00 1.561579471027940424e-01 6.473800767510480281e-01
3.544677221705543779e+00 1.268602964868819072e-01 7.096193386426835614e-01
3.796411732539094253e+00 9.707638516293726205e-02 7.459679634267682991e-01
3.978083888425595127e+00 1.443916398406591972e-01 6.088531435629824795e-01
3.208336207044784505e+00 1.010762451818033036e-01 6.389800515239661971e-01
4.171195353056091015e+00 1.920731519732760961e-01 7.202371304484305181e-01
4.099890851541379000e+00 1.581303491598710642e-01 6.418430048868102311e-01
3.562480694041746609e+00 1.501260717075619533e-01 7.817155739972616590e-01
3.804689031144536049e+00 2.128419197065717916e-01 7.525980866254114998e-01
3.795063536784508695e+00 1.246320868567457746e-01 6.329505446374761313e-01
4.025954059790925577e+00 1.214497392030755019e-01 5.975954318772637164e-01
3.634321809611271714e+00 1.162168929064764239e-01 5.861979887384191068e-01
3.339924033620597754e+00 1.684455923583156045e-01 6.060716004017585590e-01
3.533438419155399135e+00 1.168165346845550234e-01 6.596314865283950946e-01
3.365395765354207480e+00 1.846372335254276020e-01 5.848963887767639758e-01
4.032889761023068509e+00 1.175332932176468281e-01 6.104197778001124730e-01
4.410458985509647434e+00 1.682561557031569399e-01 6.032602137797550279e-01
3.584658209522193051e+00 1.540462775173237209e-01 5.851773305532139702e-01
3.960176616691878149e+00 1.311755005513315087e-01 5.775723318221599456e-01
3.967092153028373591e+00 1.883226532598261671e-01 5.208641737221698653e-01
3.622537033123494954e+00 1.067035011077773626e-01 6.795367178723399348e-01
3.309896147423304846e+00 1.645908635395042785e-01 5.669368932524190274e-01
3.777160081278947867e+00 1.549486878962618996e-01 5.845528199340517261e-01
3.575657686726024131e+00 1.080951682767446187e-01 5.240820487942766670e-01
4.071593851452997015e+00 1.528696467405232517e-01 6.011859145271510885e-01
4.040033878167703207e+00 1.517582516384796409e-01 5.609102788197087852e-01
3.817248885703378836e+00 1.324180120642138303e-01 6.079349168401266823e-01
3.781789971390940419e+00 1.842374775426987854e-01 7.582433889126996007e-01
3.755122658102228783e+00 1.986560981920258706e-01 6.288853912354855913e-01
4.261326303931375570e+00 1.022882540364973003e-01 5.679158938686700298e-01
4.027592083443846782e+00 1.789845494243852697e-01 6.094622650129222219e-01
4.146033459098566354e+00 1.967586248457508513e-01 5.961670920955554065e-01
3.747714186776740508e+00 1.363095716603651697e-01 6.583566314242078610e-01
3.395339500775492958e+00 2.093670873851469771e-01 6.828742877775868525e-01
3.576550171083543450e+00 1.357197024192670631e-01 5.587426048394066314e-01
3.713904334897630388e+00 5.348231304568507039e-02 6.053542830142837339e-01
3.721761203639201820e+00 1.533061438059788451e-01 6.097880500964174555e-01
3.794194839438299827e+00 1.495202464209168247e-01 5.008953831569258330e-01
3.409575423116729453e+00 1.654182414214647179e-01 5.188862835624712400e-01
3.514905861923533159e+00 1.150351492271814990e-01 5.301148964526355423e-01
4.119548761302066708e+00 1.253979007681776947e-01 6.844624580711274886e-01
3.656591297976177213e+00 1.964078824929436640e-01 6.167942823201716385e-01
3.434757621461484778e+00 9.176699504965030174e-02 5.830215738102215717e-01
3.980703022787775325e+00 1.737231511576860510e-01 6.532352053080178189e-01
3.964331083461531513e+00 1.398200131156669968e-01 5.174195951749697153e-01
3.379777885028163897e+00 1.135234582602638459e-01 6.543137043566884525e-01
4.089979602830704053e+00 1.598430853832825960e-01 5.664598302817110964e-01
3.558676911986118796e+00 1.323213215593969649e-01 7.072001214205303476e-01
3.955527409450963372e+00 1.679583095597051434e-01 6.132352977095812951e-01
3.638505630556327031e+00 1.472321677384678951e-01 5.988000690225614431e-01
3.429668337496319275e+00 2.329099216441078424e-01 6.719560517022918900e-01
3.956767793205365091e+00 1.389574910625835935e-01 6.589199912951611005e-01
3.503213063297453189e+00 1.121166654765797244e-01 5.448880482194020658e-01
3.988847764746205282e+00 2.012366835419434619e-01 6.387249408461573852e-01
3.837576229505445191e+00 1.657691758658287884e-01 7.026435402083689441e-01
3.763025871964225111e+00 1.273676634526976215e-01 6.414924012407962062e-01
3.742552739939959849e+00 2.138276436099868505e-01 6.717400794867615099e-01
4.112306431870737633e+00 1.578034892954567892e-01 7.425471316833084368e-01
3.726704542698540124e+00 1.338055770576283554e-01 5.745835925296698399e-01
3.738288846055025427e+00 1.976505421626883752e-01 5.710547596258715997e-01
3.843019625531357342e+00 1.042668861132450553e-01 6.041358185943136450e-01
3.662323643593327294e+00 1.539209109630505778e-01 5.713925077817917364e-01
3.971032090022915906e+00 2.216885725293623599e-01 7.350126594358317167e-01
3.811915464463283776e+00 2.038175280514164245e-01 5.587563691340294847e-01
3.623754897793954211e+00 1.794032397296942694e-01 5.025590218927613595e-01
3.841879024021687794e+00 1.727771192415983870e-01 5.596727935438081669e-01
4.418836896663552949e+00 1.840144954810208344e-01 6.438374889885207786e-01
3.618315793612185249e+00 1.821037496101733932e-01 6.902873214434543936e-01
3.469716449268251512e+00 1.329125062280895053e-01 5.377922800872352305e-01
3.990053685671062222e+00 1.786575413840804372e-01 6.032136621784641717e-01
3.794724464009530340e+00 1.775485284593943947e-01 7.013835079955194063e-01
3.921713994258030578e+00 1.109768978810855011e-01 6.608720782842445463e-01
4.133897492066920698e+00 9.606030690484622381e-02 6.556583014855339453e-01
4.098040664228495444e+00 1.336086761495069442e-01 5.988120839035250276e-01
3.812605874248646387e+00 2.184576817249677394e-01 6.212055303586588861e-01
3.327155101146295646e+00 1.564855077078611545e-01 6.474888411967897328e-01
3.719526006027404019e+00 2.003754593083000857e-01 6.596596689578841932e-01
3.192519205889622569e+00 1.330648189516310809e-01 6.243449834817170752e-01
3.732116743676811232e+00 1.457782180062679733e-01 6.142266451485016709e-01
3.579565953095193542e+00 1.734257601905228319e-01 6.611766443053720410e-01
3.543025298423571723e+00 1.963734544330563991e-01 5.910360861717631753e-01
4.014637023849179975e+00 2.036500221931080989e-01 6.830969935375420521e-01
3.882141381057563567e+00 1.308494352307866815e-01 6.866868761249865782e-01
4.075407531929058358e+00 1.089474933677548885e-01 5.967619093617904102e-01
4.289706079418572848e+00 1.666643786967037522e-01 6.139127691840048362e-01
3.496015233766118335e+00 1.401793334399345781e-01 5.206508450576305957e-01
3.571935518647173957e+00 1.151962032363264554e-01 7.129350700492947945e-01
4.269269723060023836e+00 1.299064429170724566e-01 6.742123837539558684e-01
3.618622322868875862e+00 2.314645844911146222e-01 5.311731351094214348e-01
3.387483665832029089e+00 1.428202392201775028e-01 6.381576350179447576e-01
4.234439002062757140e+00 1.087431312953805185e-01 5.648092016595021025e-01
3.806224687434326182e+00 1.640693517146755709e-01 5.642545003067072074e-01
3.616423436977878048e+00 1.235011071050543391e-01 4.821722719467622653e-01
4.179056594436835859e+00 1.585806119967396455e-01 6.927536977483025327e-01
3.683492238630624804e+00 1.180604027469752682e-01 5.517403015187035686e-01
3.394402914335824306e+00 1.626211927162055093e-01 5.613549562124763304e-01
3.674277776373021887e+00 1.938600892743508053e-01 5.562537461830024954e-01
3.835287360764025877e+00 1.385864979074000192e-01 5.431694911103692736e-01
3.687510148364057105e+00 9.990965236368309910e-02 6.898903902126057863e-01
3.350577220554919133e+00 1.135638838274827533e-01 6.228717135307185737e-01
3.753007471770184011e+00 7.257897129079460274e-02 6.238955937427282938e-01
3.802771276313263726e+00 1.544129718626165715e-01 5.989391367971735880e-01
3.814416408462211638e+00 1.451733165888714205e-01 5.893998961852158214e-01
3.208850433378160893e+00 1.292855793313719137e-01 7.194223674830406701e-01
3.330859708663822083e+00 1.791417114865871130e-01 6.055828056580041530e-01
3.775157052744139374e+00 1.619100137367397718e-01 5.696693900793997623e-01
3.311770722433755143e+00 1.568437238025600644e-01 6.580567457322388236e-01
3.640101542006522806e+00 1.378984749916880304e-01 7.441696103948050034e-01
3.660981345356072225e+00 6.896764232530012972e-02 6.868366897586585251e-01
4.015695187601405536e+00 1.022180477876903221e-01 7.226034690434078867e-01
4.101061498761580104e+00 1.585883996787641192e-01 5.824381054610949793e-01
3.889014946161160058e+00 1.921429300974305532e-01 5.949392249627868390e-01
3.866586167457150225e+00 1.516135913857785678e-01 7.188627377676770625e-01
3.985223993098947037e+00 2.152457169288838068e-01 6.143757572319171745e-01
4.260752949535304701e+00 1.654882890907622139e-01 6.413315298305962697e-01
4.333597619197253614e+00 1.658306183243359322e-01 5.464509318203130128e-01
4.001265422776497438e+00 1.259886944598573588e-01 4.784057052321818992e-01
3.502883378695747840e+00 1.143439476858742476e-01 7.498889190069850663e-01
3.788917660267926646e+00 1.151626758702801456e-01 6.353521322493304035e-01
3.862972592137384087e+00 1.301943437813752602e-01 7.519075987108906345e-01
3.740647418844319727e+00 1.673680257094849744e-01 5.845430211984389279e-01
4.134663491085246001e+00 8.879177270929836108e-02 5.753420725678787262e-01
3.855507537067637269e+00 2.065035799660610294e-01 6.479444234386203538e-01
3.819799829559443971e+00 1.892134565734530094e-01 4.880580408146361626e-01
3.171627968811128628e+00 1.476332047415475357e-01 6.246615090672922310e-01
3.602722186769381718e+00 1.124761020620688584e-01 6.406505480998146984e-01
3.951993912976678569e+00 1.830756339119498088e-01 6.625029202155613417e-01
3.500870620443459647e+00 1.071145036758775482e-01 5.558234144642294483e-01
3.806145465224831437e+00 1.717311890227892213e-01 6.962484220327944673e-01
3.773642899360844183e+00 1.312425707724762802e-01 6.880647311215150053e-01
3.743723741392072757e+00 1.843375877356664694e-01 6.978027240672511899e-01
3.548370077845050652e+00 1.270035735413067857e-01 6.542987175286127943e-01
3.319921819966016763e+00 1.562997922207587098e-01 5.189277952481208267e-01
3.748303198017076898e+00 1.537615740621145477e-01 5.451931848332773889e-01
4.160832763632744680e+00 1.638819266319912760e-01 7.200324770934334317e-01
3.749724305051896689e+00 1.557946633437168049e-01 7.661440747370221738e-01
3.687280888960971836e+00 1.322911182193118873e-01 7.094532700281144244e-01
3.564593218469660929e+00 1.029863328333629480e-01 6.459337984438809910e-01
4.029700465947095189e+00 7.385932823212866538e-02 5.576901048452674869e-01
3.484168218748472157e+00 1.802933082791528252e-01 6.258690816008126712e-01
3.899927767544518975e+00 1.711700937903083974e-01 6.688683348334234502e-01
3.826232159191093718e+00 1.146699695211890607e-01 6.799690445589244847e-01
3.846718286216204152e+00 1.473833052990610459e-01 5.926052045193116458e-01
4.084849172196109102e+00 1.169093031253412435e-01 6.474298974643702964e-01
4.351805566628364375e+00 1.941795088191400898e-01 6.307599670123581470e-01
3.555541885841419170e+00 1.722647680025347072e-01 6.595069533148250063e-01
3.477204511031489531e+00 1.441531310030909618e-01 6.336816196909296206e-01
3.719495053732379208e+00 8.358285208571167302e-02 6.264585677761216331e-01
3.668617344287467219e+00 2.195184856196974177e-01 6.685582170071763253e-01
3.517953145096690104e+00 1.151353077772184763e-01 6.360767468846421080e-01
3.859297255668496351e+00 1.188066708300066637e-01 6.216731443754351938e-01
3.893878842004167673e+00 1.058499309224674167e-01 4.497848076997686961e-01
4.009162485513753538e+00 9.648744748565477036e-02 5.988015204950101200e-01
3.632597399615244527e+00 2.148174882075551406e-01 5.496664530865866816e-01
3.188324175893054946e+00 1.109624683466652606e-01 5.344985850173644693e-01
3.916599536333640330e+00 1.083411266929982103e-01 4.962441217955516626e-01
3.580768776790901775e+00 7.890965811780481509e-02 6.461010407519910403e-01
3.558849611198934060e+00 1.724013899881520484e-01 6.417202453932393524e-01
3.427570153372743178e+00 1.934518581405075821e-01 6.372337614742245027e-01
3.662072081873599227e+00 1.447449128558745413e-01 6.254763170284508567e-01
3.815487715220344356e+00 1.918012196137231506e-01 6.407006717890307845e-01
3.797482589623651261e+00 1.321801170769470457e-01 6.614465043894453000e-01
3.655067235878691534e+00 1.534633900921550109e-01 6.605640689530388743e-01
4.148263902376027268e+00 1.638692944672302254e-01 7.380281576171923152e-01
3.985001546587837229e+00 1.305690356503509675e-01 7.698291160806707278e-01
3.978085675699293944e+00 1.467958754827428103e-01 5.787901037093265977e-01
3.592396471265306701e+00 1.861867339325340986e-01 5.703983014252725914e-01
3.967741072073671660e+00 7.052241431389147386e-02 7.070502380366053830e-01
3.781068818319241576e+00 1.186367708662970227e-01 6.719572105630098324e-01
4.042886912124178167e+00 1.683488292905716832e-01 5.327974713911263205e-01
3.715839056846632182e+00 1.611905835846611512e-01 5.658246385428732372e-01
3.868779947762861049e+00 1.717742649761739293e-01 6.983141000990623626e-01
3.772630757646650235e+00 1.542728756830103187e-01 5.333739070404948102e-01
4.078023350655830548e+00 1.863123833563176679e-01 5.139822727478575715e-01
3.794375275949327886e+00 1.085621083391977160e-01 6.110290141795254870e-01
3.936643172271061974e+00 1.816584637220376997e-01 7.504717610914294346e-01
3.858832993425912683e+00 1.551984680206698330e-01 5.781284466781660969e-01
3.767992562875451146e+00 1.408698824186314369e-01 5.488949653162709108e-01
3.420639838442059766e+00 1.692625609442706403e-01 5.980093892673215006e-01
3.657438459102567041e+00 1.236692894163055334e-01 6.021582054711579479e-01
3.760033592630192434e+00 1.681465423469370724e-01 7.191372883038248398e-01
3.894238575144802539e+00 1.327417518344313208e-01 6.346667957295318852e-01
3.618675342337400735e+00 1.274740813585343302e-01 6.136064012915851684e-01
3.508187352648138635e+00 1.877456035487630182e-01 7.021804922035286278e-01
4.015823738194760573e+00 2.357791275219643379e-01 6.034285702052003542e-01
4.038243506612955613e+00 1.356892163703881660e-01 5.932854664424888069e-01
3.630352503458710078e+00 1.307015525927477106e-01 6.696528486710440209e-01
3.710963151176776442e+00 1.853833383122122924e-01 5.774204600957326683e-01
3.532949166145137987e+00 1.969949941067507537e-01 6.198573884441591630e-01
3.833998537942377105e+00 1.666485069297592714e-01 5.891846628208453618e-01
3.779560310881347363e+00 1.616141351312032903e-01 8.007667623137226798e-01
4.036206970120552739e+00 1.106029010079142699e-01 6.401713276216728365e-01
3.771149720577200437e+00 1.701989867318639826e-01 5.997422352232182341e-01
3.726168273406198939e+00 1.326099128787461279e-01 6.694504630798499001e-01
3.281852970290461968e+00 1.577497575004932484e-01 5.994114426020719089e-01
3.330942788778165298e+00 1.474628912282422433e-01 6.305753455864772095e-01
3.304650080010808288e+00 7.983799841210047210e-02 6.275035535529217556e-01
3.877862122294435387e+00 9.718710936698786440e-02 5.140157579811028832e-01
4.042106150436685752e+00 8.547616740074506780e-02 6.369139723335721648e-01
3.887798482946303924e+00 8.055134387278342634e-02 7.072129929445425400e-01
3.784491030141697188e+00 2.020284151345917711e-01 6.502821840227681616e-01
3.940220516789752381e+00 1.795068437818849727e-01 7.490676113922433155e-01
3.527721383270201905e+00 1.250507414146639074e-01 5.734464015710962759e-01
3.887454817698048348e+00 1.485589229316975624e-01 7.724184327524279414e-01
4.089787130325015951e+00 1.860526140606321432e-01 5.015388283109682988e-01
3.523845542724395763e+00 1.296735175178967969e-01 6.866803181701832681e-01
3.737361175624798193e+00 1.120142655863631542e-01 7.425683836041954144e-01
3.700627763727401209e+00 1.430025623011544067e-01 6.949380486869465301e-01
3.348831138952319098e+00 1.888365814682324839e-01 6.439235067437675264e-01
3.863299365798717577e+00 1.580530944938572935e-01 7.509516583560618130e-01
3.630727326506858699e+00 1.677651774785623717e-01 6.697732541261556261e-01
3.187365421525487186e+00 1.918067293802113993e-01 5.805048307232250071e-01
4.114826966764141503e+00 1.165731999434431454e-01 7.569039321438540968e-01
3.611030845924292354e+00 1.728358001962385093e-01 6.490540967567921538e-01
3.431730315316432467e+00 1.182205385124425606e-01 6.870131434759173539e-01
3.551050832304278870e+00 1.469246467803639322e-01 6.868740533020351036e-01
3.610644097505701922e+00 2.044600698459467514e-01 6.298774442039565269e-01
4.144800406241612833e+00 1.173386494140750136e-01 5.820587389484539464e-01
3.769084271440354073e+00 1.618053277800995948e-01 5.707795362352071633e-01
3.343745171260376292e+00 1.124204645551564741e-01 6.018224755896635081e-01
4.034804884697521743e+00 1.403206439919978676e-01 5.577771309727087568e-01
4.156165342008910635e+00 1.267568059098270195e-01 7.652093987293022703e-01
3.734795871847494286e+00 9.356194717765313473e-02 6.599791036558665391e-01
3.403703923200981585e+00 1.777670706895004005e-01 5.180058019541781134e-01
3.306563193589049376e+00 1.537943998495104325e-01 6.168800487947025957e-01
3.771423457426899439e+00 1.939796719755620957e-01 7.554674130446281666e-01
4.039992252550257845e+00 1.523894506963071327e-01 6.844866673894636211e-01
3.627845773656006578e+00 1.311325631338603748e-01 6.478353385106042639e-01
3.520239648603669558e+00 1.398647412545490909e-01 7.040309944975119416e-01
3.955805689952350157e+00 1.334206732804676665e-01 5.243368981794670480e-01
3.445751406855868115e+00 9.934986670373066597e-02 5.626142100393459744e-01
4.226843896993516481e+00 1.418428775983420209e-01 7.721576321616768768e-01
3.663852233975400718e+00 8.814621877494538404e-02 5.117106337386825299e-01
3.851695994618300922e+00 1.549513002887459578e-01 5.240154439902264816e-01
3.623280539106020548e+00 1.699312793522382847e-01 6.447413568926653182e-01
3.097691732974182433e+00 1.355766520034145939e-01 6.815120197555406545e-01
3.730644783473385129e+00 6.429446324402290913e-02 6.004024522283983867e-01
3.310438071431651696e+00 1.619376934800517698e-01 5.661286655656067035e-01
3.473271833736661041e+00 2.049001993816357559e-01 6.563393842159843672e-01
3.387801588891585336e+00 1.582558947967833418e-01 4.850298451170820258e-01
3.999458806182143444e+00 1.732636381381179591e-01 7.143047919142085922e-01
3.504913953681192407e+00 1.085236909938554206e-01 6.912143377227359942e-01
3.727823949236251266e+00 1.660266304618288613e-01 5.699887890920826150e-01
3.737094008094100861e+00 1.638656619254298397e-01 6.090510419624445282e-01
3.505350168829441948e+00 1.433821494705470045e-01 6.550689083008959246e-01
3.481489753928089570e+00 1.071763401458872833e-01 7.275984514541098402e-01
4.072831454408169627e+00 1.373152353205822629e-01 6.883737938793639266e-01
4.215875242381504684e+00 1.689216636671214133e-01 6.344162359524012640e-01
3.933845523506596109e+00 1.587095629522892182e-01 7.606183905648123966e-01
3.611014218398546305e+00 1.334349791309688005e-01 7.323450640380145815e-01
3.237910934652001416e+00 1.847202343096320254e-01 7.245250254530073430e-01
4.111607437237584151e+00 1.093924218436978235e-01 5.583504840288562310e-01
3.846654194570141794e+00 1.433324077877154712e-01 5.384102576401300633e-01
3.821697162970335793e+00 1.889774091519269283e-01 7.445018186088938617e-01
3.747090466984454249e+00 1.471103823127524191e-01 6.363411422891301905e-01
3.474256030161550157e+00 1.403369125118665017e-01 5.286323754883011095e-01
4.286524894821018172e+00 1.101348529523680231e-01 7.245959857897875667e-01
3.507786030222279194e+00 8.233341486360339079e-02 6.917528397315786393e-01
3.667372319762693067e+00 1.425856272026018723e-01 5.846599305187567541e-01
4.041243429408041266e+00 1.963908908504987116e-01 5.746259161915108216e-01
3.614086025208194108e+00 1.612047064421449349e-01 7.308857090479788932e-01
3.715483490558658453e+00 1.252282007304796885e-01 6.138607241209038667e-01
4.039716806083442968e+00 1.831216834103474023e-01 5.660801901502663380e-01
3.870314253546696115e+00 1.314374758998881343e-01 5.563052147014998505e-01
4.026226047765143257e+00 1.107726587638154236e-01 6.477225165341572444e-01
3.703752073392944766e+00 1.613911200827023718e-01 6.266701377198875544e-01
3.876241049476173206e+00 1.219086840210836797e-01 6.646415928346367519e-01
3.808986003246785490e+00 7.811479707861068711e-02 5.931709264360325307e-01
3.735836926651123768e+00 1.657081360402697101e-01 5.804223715454176480e-01
4.050889800653614259e+00 1.406363265459768253e-01 6.904646563813854332e-01
4.088854660967633059e+00 1.941452189732087996e-01 6.190422973833400455e-01
3.993775920421766212e+00 1.929520165926169872e-01 6.523556140222267485e-01
4.085468005209628828e+00 1.253460274329752933e-01 6.483092393268606868e-01
3.414112586002847394e+00 1.657073853540639297e-01 4.777040284909304102e-01
3.771350126945210768e+00 1.435835751479007383e-01 7.246838875185365181e-01
3.446935353299385163e+00 2.150412579176853300e-01 5.999552842758166804e-01
3.471344217023474066e+00 1.200607029408170268e-01 5.644607628314564085e-01
3.521363455064718373e+00 1.507048023061412501e-01 6.566974242923908633e-01
3.828077299026220626e+00 1.414527332885783528e-01 6.705103639182994346e-01
3.896910789885049908e+00 1.501017764543594035e-01 6.267093272099408807e-01
4.220594590894203080e+00 1.141886926255093748e-01 6.390831583177037922e-01
3.758030984843265809e+00 1.457632362271420179e-01 6.365029215170290300e-01
3.891152284414681972e+00 1.348912954150399690e-01 6.312143238979113224e-01
4.018235642866818225e+00 1.477729691409817581e-01 6.243052242018443110e-01
3.973157589478178320e+00 1.316759029578923879e-01 6.462473269773241213e-01
3.841351516689405887e+00 2.262277028237191789e-01 6.919367414858594856e-01
3.658375053386092368e+00 2.305766767979448018e-01 6.060587705543717396e-01
4.339595981680297143e+00 1.697593364184928344e-01 6.786066250463672622e-01
3.858745492689637846e+00 1.639446176880031969e-01 5.661664567789428393e-01
3.398725586149436317e+00 8.605138954723913491e-02 6.411062434312062575e-01
3.746956900147921932e+00 1.511221511116610239e-01 5.726620102116724009e-01
3.887494759737772920e+00 2.042872866965557699e-01 5.883428542515457549e-01
4.195925325984278587e+00 1.370472268080307199e-01 7.380603455024065118e-01
3.309340821465239557e+00 1.395760389590728345e-01 5.971393119739396571e-01
3.743044460196224943e+00 8.284407244715789875e-02 5.048923050479436903e-01
3.400750467033657021e+00 1.492881028360674711e-01 4.664758928371546265e-01
3.765893653803623842e+00 2.024411163470138109e-01 6.116278211721207780e-01
3.642303637371223868e+00 1.587029650140291126e-01 5.773807267189592363e-01
3.260081818431527445e+00 1.321986536394121337e-01 5.500999817578048345e-01
4.160635257472362625e+00 1.180018520549126482e-01 6.194557354099268220e-01
3.822662182455632163e+00 1.404887355417495098e-01 5.410572849303276755e-01
4.062301708792080746e+00 8.916415863838303424e-02 5.963258891808562723e-01
3.931944165352464715e+00 1.896327799133134817e-01 5.765247477062024339e-01
3.865178028470270810e+00 2.262329666128150008e-01 7.371147679673840658e-01
3.565579978486556278e+00 9.394861589295640247e-02 6.169726347819135537e-01
3.892523571325086973e+00 1.527340371252332019e-01 5.016577335384647673e-01
3.245120765226203297e+00 1.882541020683888844e-01 6.845405085985550864e-01
3.920751428292172935e+00 1.429090970810281136e-01 7.140773121873130735e-01
3.656567323878570974e+00 1.548506519689309968e-01 8.218686231712859502e-01
4.041804949196560415e+00 1.417641257791894538e-01 7.707827764218748712e-01
3.463417698039330528e+00 2.161064860924671593e-01 7.306202919880707691e-01
3.608936032981308273e+00 1.225077155014486358e-01 6.411052862981108103e-01
3.785402993050968057e+00 1.456986660745359374e-01 6.380039847328119462e-01
3.675583351363473916e+00 7.699353799682086275e-02 6.098032817158037799e-01
3.768534162586925973e+00 1.940936482271140573e-01 6.603098041118886652e-01
3.607540800685726801e+00 1.993284500865343256e-01 6.876016516743543860e-01
3.939076773811444276e+00 1.979759168737048602e-01 5.561222711498495785e-01
3.632753068173148581e+00 1.608369484354972290e-01 6.145600414708256576e-01
3.792799795845249289e+00 1.440377790447728013e-01 5.024532115806269461e-01
3.523176005508136477e+00 1.481467945248988727e-01 7.327956400686654881e-01
4.393291606556666729e+00 1.337058845413043873e-01 5.603854922355341328e-01
3.729953350682131852e+00 1.083182425735103316e-01 6.415923208867700955e-01
3.778022274172038397e+00 6.967431558591928586e-02 5.911287665427554794e-01
4.007044812371540310e+00 1.423367869617218340e-01 7.009612872545042395e-01
3.990770030260764489e+00 1.810290679023398019e-01 5.263613975886940466e-01
3.561531353902914532e+00 1.202645384204928392e-01 8.046472715688095523e-01
3.947263894439830167e+00 1.507877322133148734e-01 6.733103250900509540e-01
3.540046990734535104e+00 1.128792712184728680e-01 5.978229225247982948e-01
3.507449360789717918e+00 9.897795937074777006e-02 4.741811596385462346e-01
3.881326632403866661e+00 1.318800215153685951e-01 5.785690786741092273e-01
3.546793215095586760e+00 1.040581616774686746e-01 5.806560601499780594e-01
3.993308950954375547e+00 1.906248368392920722e-01 6.686285917709796633e-01
3.573827632589849479e+00 1.640447511369635680e-01 6.785373231043726472e-01
3.853318263918120934e+00 1.582299227513229711e-01 5.710999881250341526e-01
4.107623545384557318e+00 7.735352854301355552e-02 5.823560998830759061e-01
3.813286654055067615e+00 1.355235837586362957e-01 7.527670193853315261e-01
3.458390122083222273e+00 1.952906222665077851e-01 5.522944356952522726e-01
3.419019144570857538e+00 2.115745128553681298e-01 6.700956105973255861e-01
3.383320572720514896e+00 1.579539528111447710e-01 6.562214410130984277e-01
4.044206013845679237e+00 2.110900952359194283e-01 5.582359884298444541e-01
3.687559514127841886e+00 1.235230751233239443e-01 7.028236228556941079e-01
3.498021983795311929e+00 1.963972240504521793e-01 5.415402540763164518e-01
4.368580433998628720e+00 2.054749879382143651e-01 6.117768351006654948e-01
3.410450486939141879e+00 1.445135167385397101e-01 7.788928676051437572e-01
3.606565542901561283e+00 1.711921555155511143e-01 7.383871329354914081e-01
3.724124889399634153e+00 1.950938935342433622e-01 5.893663525404190251e-01
3.845026738096233299e+00 1.245155973223329160e-01 5.774713641653422824e-01
3.668847156556171552e+00 1.611516254125158476e-01 5.709440001110852592e-01
3.406335282124643093e+00 1.020186242128972853e-01 6.409316876350397152e-01
3.799893580722925268e+00 1.433064104868664312e-01 5.798192103920263296e-01
3.414258068550237279e+00 1.435698159329282519e-01 6.673567319040200063e-01
3.751154650870682339e+00 1.484324717394653603e-01 6.387433112043010563e-01
3.767512354327905655e+00 1.481567981820700597e-01 7.350757379863377405e-01
3.284281993762830254e+00 1.743625120669663464e-01 7.685372007144845030e-01
3.790442715496756154e+00 1.919861887143068657e-01 5.775216896627076713e-01
3.394699042866223149e+00 1.687354247654947181e-01 6.354924985018010064e-01
4.034410107251932054e+00 1.863920411545400557e-01 7.705002701477997595e-01
3.413198240605056277e+00 1.835820714308856183e-01 6.922351359710094965e-01
3.482569137498658485e+00 1.164209453814267770e-01 6.719212481643720425e-01
3.635251221993521575e+00 1.834722248330264427e-01 7.824139053085122919e-01
3.796190339885544329e+00 1.206893663577269515e-01 6.811125511149729306e-01
4.104432325138755111e+00 1.214760270989213020e-01 5.799905950213276595e-01
4.048341677199998045e+00 1.324670050623027728e-01 6.293828618372477868e-01
3.780922242928656196e+00 1.982777111641254586e-01 6.192007757268915835e-01
4.139012209211509585e+00 1.166695676674024129e-01 7.359988433065796087e-01
3.998629166647925892e+00 1.271934506152506139e-01 6.829136938676371171e-01
3.275644674546571267e+00 1.579794457165472066e-01 5.346885471567098813e-01
4.120048505707145203e+00 2.233602817561128884e-01 6.876375739152946753e-01
3.829716228659717281e+00 1.663278214229250984e-01 5.650008879521627447e-01
3.637025251846219831e+00 1.785563084356225627e-01 5.861850107442392321e-01
4.342494839218376868e+00 2.012123598181418949e-01 6.558951318149400800e-01
3.197814631276264752e+00 1.587209591193666225e-01 7.005921260724010668e-01
3.916374329567030355e+00 1.067902769947602498e-01 5.499899455672369042e-01
3.867301742581024993e+00 1.660604806177268522e-01 6.150330746918305502e-01
3.884229377994238952e+00 1.564726558736437290e-01 5.263015467550467008e-01
3.546873348184233166e+00 7.298865112699511049e-02 6.726784868936384054e-01
3.550288353947126829e+00 9.372078115970897128e-02 7.411995863433610277e-01
3.771727690622717066e+00 1.593611505449278876e-01 6.389243334811446351e-01
3.671394671039446056e+00 1.744330893803036631e-01 6.146899474862487223e-01
3.770218474828169075e+00 1.219540467751502599e-01 5.525190720400934286e-01
3.514735231246072900e+00 1.236323032090011903e-01 6.475771425680660887e-01
3.386062275680083555e+00 1.443613259820626382e-01 5.243445108893205475e-01
3.437531148375366552e+00 9.690271458048634046e-02 6.300565571912769558e-01
3.947530688036069879e+00 1.492568572610071531e-01 7.107596706153572752e-01
3.378583281519630610e+00 2.034295434080553022e-01 6.990539406453731841e-01
3.732637859290597326e+00 9.239223520799083600e-02 6.266496741431385464e-01
3.290749475498843335e+00 1.437706408802068014e-01 6.546182364012872457e-01
4.119173617302807955e+00 1.866472905954389971e-01 5.647134964291001813e-01
3.916112501796803258e+00 1.366309085286297187e-01 6.664977136844425498e-01
3.702846652468569477e+00 1.123373107894293232e-01 6.859923505439827762e-01
3.616951634432631124e+00 1.072019587665974660e-01 7.448381959223568938e-01
3.829803961625990016e+00 1.224764571669471891e-01 5.309744829598320726e-01
3.880070176738234178e+00 1.465143250438015465e-01 4.690357639593654149e-01
3.593337113167172969e+00 1.591382388989799335e-01 6.321693414873345018e-01
3.885111930916968603e+00 1.313122283372218924e-01 4.939042786804206386e-01
3.614765806191394315e+00 1.458131472354791403e-01 6.690758421622176044e-01
3.536461082495438557e+00 1.598645403511732566e-01 5.891854792455512024e-01
3.389363075028265726e+00 1.470808999981534082e-01 6.007948584942464088e-01
3.877737672894854271e+00 1.444684862552025328e-01 5.286678337553620821e-01
3.786209597772401292e+00 1.017161414188031410e-01 5.398568596422556043e-01
3.288080519107654087e+00 9.221419461635914361e-02 5.574382255152362520e-01
3.284938193954275221e+00 1.555057836443694830e-01 5.858121290962933214e-01
3.464776011673241563e+00 1.097502532686319976e-01 5.998140354975199928e-01
3.545002833025640232e+00 1.789164198284383944e-01 7.762992876759396976e-01
4.275810205865745672e+00 2.006850456152366735e-01 6.185873998740856194e-01
3.359981748380053812e+00 1.428289388894718459e-01 6.270564594769743039e-01
4.180780424443496734e+00 1.176145909837020831e-01 6.247907257847258311e-01
3.624425830946608862e+00 1.539770159333700428e-01 6.771978262978898266e-01
3.640282409450821710e+00 1.366993595861834276e-01 6.785571562659564737e-01
3.503985045987114244e+00 6.064855594314522147e-02 6.145162790290215060e-01
3.752727619089461175e+00 2.199533145293126046e-01 6.113931070037490478e-01
3.529135861881085301e+00 1.393991776738030264e-01 7.402889079787167148e-01
3.972180271517915084e+00 1.328866694202446574e-01 5.241013853391485178e-01
3.785473617225310505e+00 1.291658727059898926e-01 5.074492856028012255e-01
4.093704617475677487e+00 1.865820601651250743e-01 6.613400963865477822e-01
3.816528128513983376e+00 2.214049631599658841e-01 6.041016858913592635e-01
4.078263270639267191e+00 1.917384072337280643e-01 7.004478250946543083e-01
3.468471105989209047e+00 2.030994541326876512e-01 7.418915123215958918e-01
3.811703140870772444e+00 1.235094019145566713e-01 7.242652947610460634e-01
4.061003015479393241e+00 1.861784905452195660e-01 6.044426705009053880e-01
4.170497679879422215e+00 1.384822927307622353e-01 7.070503424599757780e-01
3.805798050632288820e+00 7.532879757384230990e-02 6.294147446364383169e-01
3.240543939202132240e+00 1.924495021783176052e-01 6.889503612586459491e-01
4.275774909828382597e+00 1.871855587354083750e-01 5.547547256409516292e-01
3.803914089114718511e+00 1.408585789220121731e-01 6.547020910486399670e-01
3.940478104004067283e+00 1.531003408693381029e-01 6.385159016324374326e-01
3.636559351947616037e+00 9.581931027609519314e-02 5.722754162380964127e-01
3.329740456062844078e+00 1.902728805000636625e-01 7.338186449690063951e-01
3.895747006847371186e+00 1.097213430238235532e-01 7.172627606658408261e-01
3.961044756564441993e+00 1.945384086846849159e-01 7.004624339439974312e-01
3.753682325400578002e+00 1.982652556160868218e-01 6.326965455340477495e-01
3.460150521223885889e+00 2.155647440221463151e-01 6.300629591779559613e-01
3.549577631603562988e+00 1.401050329200765332e-01 6.559581310962794287e-01
3.401518025054773631e+00 1.595698309263304526e-01 6.586305789529254273e-01
3.789630745678173707e+00 1.719733601627854713e-01 6.026278174911482433e-01
3.884505047349464224e+00 1.912672760229454372e-01 7.465939359397372188e-01
4.341146006933885637e+00 1.454613743609645682e-01 6.796453883057326228e-01
3.745922303129317399e+00 1.563290434087784009e-01 5.408091728506404516e-01
3.472509104673573432e+00 1.742147131011290706e-01 6.847954648159921831e-01
3.397056279356378994e+00 1.244574218483833622e-01 5.348373228042699878e-01
3.814685210614841893e+00 1.072391793585329156e-01 7.511520735517092096e-01
3.693260787352289132e+00 1.622134796731872775e-01 7.168145328860552334e-01
3.311760365523134464e+00 1.474521519817741100e-01 7.039303272462834604e-01
3.818522882967839482e+00 1.468198074011294041e-01 7.366007076437238732e-01
3.616068976111586508e+00 1.699634553464674791e-01 6.844239769670658058e-01
3.512157450160089844e+00 1.595525451308410225e-01 7.084490544074971696e-01
3.525953693539612299e+00 9.677915852162977117e-02 6.901138244111340025e-01
4.162743081192427752e+00 1.763181385602046458e-01 7.169667848096062945e-01
4.071481075358006407e+00 1.290158732600732716e-01 5.998407532194806047e-01
3.823528004692441584e+00 1.412812998467150860e-01 6.314962204335504703e-01
3.706112777183380391e+00 8.500478055282273404e-02 5.714111255531333367e-01
3.785724936660079809e+00 1.315789612999868630e-01 6.851822584931166471e-01
4.097188930480240465e+00 1.089922490517722387e-01 5.553885799752588115e-01
3.617125075420164038e+00 1.453363624810948274e-01 5.244297564876687634e-01
3.706078531895374173e+00 1.117877845612111481e-01 6.168365559865170988e-01
3.962389670874138847e+00 1.490685645398859838e-01 6.336165939323041840e-01
3.551605840333981856e+00 1.349137220784450142e-01 5.956403717124300057e-01
3.391838164056260041e+00 1.333179710077930513e-01 7.944115986327824341e-01
3.951233838594299108e+00 1.753236449755942450e-01 5.491222178834281875e-01
3.615762813700748701e+00 1.500780399103428531e-01 7.358395993929001122e-01
3.401036721212754799e+00 1.784754606612353189e-01 6.911585849869735787e-01
3.943956969186074968e+00 1.287832290784563238e-01 7.220847578290848778e-01
3.581938869231104050e+00 9.759180848592094448e-02 5.016715700760765451e-01
4.051307250625088230e+00 1.352236555476761248e-01 7.776422552826747214e-01
3.869657815036983362e+00 1.430622033154479444e-01 6.055050140719452356e-01
3.876755385711766699e+00 1.940766571251807127e-01 7.905353962491519226e-01
3.755028142962387516e+00 1.413916235028754853e-01 6.608879222969877842e-01
3.331346532835796292e+00 1.723085138175488862e-01 6.308741105268295124e-01
3.340053915294212139e+00 1.903314751752214484e-01 5.814424371309345752e-01
3.246885849963487836e+00 1.489462526941014164e-01 4.989496433846600798e-01
3.972997942670497107e+00 1.997896283215952473e-01 5.230860786565054710e-01
3.069961643189973888e+00 1.094264844234063561e-01 6.285911492627226371e-01
3.453544926610058408e+00 1.759209967819732601e-01 5.744965447061829433e-01
3.919329673617617082e+00 1.407357703712115438e-01 5.982827284219326414e-01
3.729693586050352394e+00 1.138371217418050890e-01 7.055305839417460589e-01
4.287332565795925809e+00 1.657276165309842508e-01 6.190045148102172323e-01
3.790646785935255725e+00 1.163277392183327957e-01 6.715483667937678369e-01
4.160881182251740640e+00 1.799482276620837373e-01 6.039681636809217657e-01
3.703798790415342879e+00 1.033923693529726767e-01 6.489134816370839554e-01
3.578213074809359462e+00 1.506589077123143272e-01 6.910837086466750101e-01
3.901679997992292925e+00 1.771684477688108272e-01 5.421852142297176602e-01
4.015656827802127182e+00 2.034041842718816162e-01 5.698419645308211434e-01
4.078830859766203965e+00 2.177025346592031396e-01 5.741678215959191700e-01
3.942969313705551038e+00 1.885033715026618872e-01 5.834850381482376003e-01
3.866659873570597483e+00 6.008420171953468558e-02 6.263800254601477047e-01
3.631943883215464020e+00 2.020564232094909651e-01 5.559459693164309213e-01
3.836571133695467317e+00 1.990300994088231856e-01 4.778895650861235689e-01
3.913550686227289077e+00 1.423341398306005035e-01 6.235228142504921633e-01
3.604914570419518238e+00 1.443342261510102698e-01 6.648922023408746496e-01
3.682356088171065522e+00 1.564210955537393144e-01 5.126145255924468014e-01
3.754232477631783915e+00 2.000179333401344295e-01 6.298208727349975389e-01
3.651121970327416033e+00 1.474700048061825530e-01 4.940551073773252755e-01
3.765820190161984549e+00 1.388675025890070414e-01 6.522553572420521917e-01
3.705383998832017856e+00 1.093280515847958323e-01 5.507905438890170480e-01
3.393951921711829911e+00 1.596186077748291687e-01 5.204301386188378009e-01
4.236547911419149770e+00 1.492868373202149712e-01 5.823301365973125865e-01
4.064112033455157480e+00 1.508731707304216962e-01 6.123992282119858910e-01
3.593350455333422566e+00 2.390171214562443469e-01 6.358105822808366447e-01
3.326344518362831959e+00 1.460216044753420428e-01 5.593612619511741935e-01
3.700117147923723593e+00 1.506262597701146788e-01 6.806492070482881296e-01
3.710593251798829595e+00 8.976422072506200223e-02 6.661609318264910540e-01
4.032335002544908953e+00 1.890380924832792409e-01 5.900340448796200787e-01
3.686123829197547330e+00 1.521596136977902969e-01 7.254387710742721262e-01
3.725947411590155411e+00 1.677336205975639150e-01 5.596650172672903434e-01
3.447821400579529350e+00 8.372140416331093349e-02 6.151086330030038907e-01
3.115086515897075969e+00 1.267823660562504284e-01 5.557190067946797818e-01
4.294783810892935705e+00 1.887444350811513516e-01 7.254062150045295088e-01
3.635126438156293993e+00 1.542646230433812049e-01 6.383714389582872961e-01
3.456879136365922811e+00 1.461247820485936377e-01 6.212479135861762591e-01
3.495040827050712284e+00 1.554878934706627192e-01 5.952086583136908526e-01
3.415465198978815398e+00 1.374111443054682191e-01 5.597047004873397791e-01
4.138574882407444200e+00 1.936719084877372432e-01 6.343291331713263315e-01
3.542164122919364999e+00 1.346973111049210858e-01 7.793056345934186169e-01
4.301496023375051436e+00 1.360012814348921240e-01 6.343132840405031336e-01
3.633593537735377410e+00 1.592396801368571313e-01 6.030212239208202485e-01
3.674007305490543551e+00 1.198794521902757926e-01 5.626973618630061180e-01
4.160349547812151272e+00 1.365396274073532590e-01 7.414833582505476750e-01
3.690268414481558956e+00 1.710133444888376486e-01 5.626570280045430916e-01
3.504890782856015630e+00 1.462759832018733219e-01 5.936774795585042508e-01
3.616457252557804924e+00 1.845831133840082905e-01 6.488836003814593134e-01
3.836215893312790559e+00 1.064505780976371385e-01 7.163163244827737142e-01
3.354477420169661883e+00 1.636692358256009450e-01 5.824557239276625387e-01
4.063416002173329211e+00 1.757468173604452566e-01 6.374120347115252994e-01
4.031091873876497367e+00 1.402457529681681581e-01 6.486606878701508538e-01
3.664018189863475161e+00 1.840091845326412012e-01 5.295223971252283057e-01
3.277158480856782408e+00 9.675461831696896553e-02 6.905403664345703962e-01
3.677075736195873468e+00 1.645388145059291374e-01 7.025684234802831440e-01
3.829135471842269212e+00 1.067563643558110537e-01 7.352665177099947380e-01
3.535247287994992771e+00 1.392522872873003525e-01 6.604160900747252372e-01
3.602370111694528365e+00 1.203554680270002841e-01 6.242546192639472080e-01
3.411520862188296199e+00 1.466726893326856518e-01 6.236689258426687532e-01
3.927380187229127628e+00 1.496392610465642758e-01 6.221762174671818801e-01
3.440975435238181390e+00 1.021726936458121349e-01 5.459154377905295341e-01
4.256934366588584595e+00 1.531663588970235690e-01 6.589966603301287140e-01
4.260487967289780187e+00 1.406833964544709770e-01 6.616255199172426105e-01
4.067616722496723014e+00 1.203304263303490718e-01 6.441898228003436477e-01
3.835471369087500193e+00 1.160201310478896353e-01 7.131642667098291311e-01
4.320630136636268936e+00 1.999028102813877883e-01 6.675795649839249002e-01
3.577209133768712856e+00 1.486392812946956132e-01 6.666963696894618874e-01
3.300287966271669760e+00 1.461567800593817079e-01 6.062048842454869080e-01
4.297088385644213027e+00 1.630880493069406523e-01 6.622849077030471543e-01
3.718398834475600712e+00 9.313741394847677157e-02 4.992750765014224434e-01
3.790507954674621427e+00 1.369581741620018722e-01 4.841572715628333912e-01
4.301239403803383432e+00 1.128148436297489871e-01 5.779915332024962993e-01
4.257010169261710608e+00 1.258496607105653031e-01 7.251647245609372794e-01
3.497245960216335270e+00 1.307603817079820152e-01 6.692760534272841344e-01
3.780185787491992411e+00 1.986305360972573653e-01 6.358315138645561637e-01
3.785147687710943121e+00 1.128896478126066305e-01 7.062976828589014877e-01
3.925551828530184029e+00 1.595480070419819651e-01 6.995652637082551140e-01
3.407357046695704827e+00 2.204322871432309872e-01 6.924370457068566020e-01
4.112319298390966438e+00 1.218287549109952211e-01 7.041144949046526103e-01
3.904665044841935551e+00 1.297804411823782755e-01 4.733250664343705560e-01
4.027419362771442302e+00 1.757041280999550315e-01 7.110181231564848270e-01
3.260302439564280341e+00 1.471933927076236603e-01 5.898777398561096952e-01
3.757172719469811906e+00 8.810611193207945613e-02 6.668808135434096673e-01
3.892109293932676906e+00 1.336239397103610171e-01 6.985278194804771523e-01
3.721978778369416929e+00 1.537242123343387779e-01 6.340335916331591992e-01
3.630053194720419096e+00 1.621684921929895662e-01 5.522371367424823152e-01
3.432926592826380574e+00 2.029205837665435386e-01 5.580077723793825939e-01
4.323177662274044764e+00 1.715319334445050137e-01 7.431419985896572378e-01
4.078643275605187135e+00 1.986648931750895075e-01 5.137583237291327709e-01
4.161781881112523784e+00 1.804521157537623266e-01 7.405085802592366040e-01
3.964231588216969193e+00 1.444694524706644778e-01 6.970509377424720654e-01
3.608511384196577243e+00 1.991635480964538407e-01 7.120769370618253991e-01
3.813859012702696116e+00 1.641800909533473740e-01 6.874120579312165136e-01
3.722221557719568974e+00 1.715461983516924915e-01 7.158160353855504976e-01
3.888626240112311283e+00 1.220061900237775776e-01 5.784933927683013621e-01
3.911454160828964355e+00 1.818748414397300950e-01 6.359206605941124524e-01
3.230266940704888956e+00 1.502597291532368762e-01 5.906193063841821411e-01
3.615937038277594606e+00 2.147476496335041785e-01 5.944325476446701284e-01
3.710778343747274555e+00 7.348611983865434294e-02 6.230197719985360871e-01
3.864206810923349167e+00 1.693505536302006009e-01 6.311367500976161615e-01
3.881480557617862814e+00 1.701217179530124801e-01 7.259655014632054870e-01
3.604128737940496929e+00 7.066002656171785357e-02 7.095652645604191289e-01
3.570309174486450576e+00 1.825401554524011538e-01 6.045368292202594196e-01
3.596062834580289636e+00 1.179035070092225579e-01 5.191793354854407072e-01
3.691390619303397624e+00 1.920559290638252925e-01 5.353101510533833096e-01
3.371064676661343462e+00 1.600369955882803563e-01 4.971454018954374332e-01
4.215862988786716059e+00 1.784995213314189422e-01 4.835005857280675889e-01
3.401539961856400840e+00 1.247290406291846204e-01 6.504694439608101897e-01
3.604493777178066960e+00 1.410697794927994742e-01 5.798705424401959796e-01
3.745217277577466142e+00 1.295684205439940062e-01 6.467844899937217340e-01
3.769830606546390683e+00 1.775530849070682260e-01 6.923123551957366395e-01
3.884379441270550792e+00 9.932366691494344535e-02 5.765972014467777296e-01
3.390390077269587188e+00 2.165392991775902942e-01 6.652327949250428363e-01
3.641336242905115039e+00 2.342814820426805111e-01 6.870080116165219186e-01
4.080676076471245750e+00 1.458462974444968696e-01 5.674081426990532639e-01
4.081462848996624260e+00 2.232614433366255091e-01 6.711930315360808974e-01
3.836521277362578086e+00 1.288616147274777579e-01 5.466318015858100399e-01
3.635908247806288074e+00 1.364781095975455827e-01 7.024859038991539961e-01
4.042750717586685028e+00 1.985571496127419566e-01 5.283253948543855660e-01
4.155064214054105420e+00 1.097864579878816554e-01 7.143416096124253212e-01
3.473614216248860131e+00 1.348038639113849635e-01 6.165710119367766584e-01
3.326863037358810615e+00 1.533237398553369824e-01 6.578710170862495099e-01
3.217233203907486239e+00 1.490438490868769839e-01 5.508425018760566561e-01
3.617498173269162010e+00 1.728318812023149353e-01 5.986010201788085627e-01
3.280039307881250199e+00 1.300029438996794517e-01 6.293514760785676732e-01
3.614431351518402113e+00 1.237893500222188303e-01 7.065982357096511901e-01
3.562598767290449331e+00 9.285830785772358764e-02 5.750803641512052256e-01
4.181841072849144858e+00 1.756015219947464900e-01 6.389413829126271427e-01
3.806805522925094554e+00 1.884053517008585366e-01 6.194895785734099158e-01
3.750910552507422224e+00 1.050003754269616535e-01 6.417443588315100422e-01
3.285732351118248129e+00 1.467556263930747673e-01 5.984775100257614389e-01
3.853234624895351956e+00 1.297839733318781330e-01 6.012101410914139077e-01
3.847112376109292686e+00 1.590902915896670045e-01 6.700157413041749610e-01
4.123064838843445656e+00 9.397851143440220933e-02 6.828875748987844885e-01
3.700487427837584331e+00 1.668483605334158404e-01 5.139357705309856028e-01
3.702202192728835772e+00 2.335407188812944346e-01 6.566696344205782410e-01
3.103258486734567612e+00 1.537810326924105297e-01 6.412284264835658165e-01
3.651189390526935696e+00 1.842879259186764318e-01 6.083954601741878854e-01
3.663226875052695508e+00 1.130571318004095771e-01 5.337630102766045548e-01
3.969494865780441195e+00 1.188138063234618208e-01 6.600207319397907169e-01
3.577060817384919211e+00 1.511450274918510472e-01 6.531728081918540818e-01
3.380680450562737249e+00 9.323964353872876698e-02 5.137511484226082725e-01
3.902536937417132368e+00 1.496860008310995360e-01 6.731912531054976556e-01
3.167170922019912904e+00 1.883348276946173183e-01 5.859254070319253049e-01
4.037611191001415634e+00 9.200880884651232994e-02 5.833869438038038480e-01
3.879103144802813041e+00 1.560767577200168621e-01 6.274953023542206854e-01
3.377638663682314579e+00 1.536585045908225589e-01 6.401243299959932243e-01
3.718170000350113913e+00 1.338354152850277090e-01 5.817352061625319370e-01
3.906216113207200191e+00 1.514132203622218509e-01 7.713893812728778165e-01
3.640732984412922146e+00 9.590419538342334627e-02 6.437703791422452193e-01
3.729209632142022279e+00 6.794396096578567135e-02 6.422818045940325016e-01
3.566665971756800779e+00 1.559594013935934331e-01 5.282815524203203772e-01
3.765957631410206119e+00 1.810988278356117642e-01 5.932635654116155122e-01
3.838916994755290357e+00 1.322334447640076682e-01 6.049337030764910805e-01
3.712421763875607628e+00 1.161710823944910043e-01 6.883443876423562813e-01
3.357897031538517485e+00 1.677243187315822226e-01 6.836304607173008252e-01
3.985806836192922198e+00 9.684597357369545412e-02 6.366294068836483300e-01
4.149613933331613325e+00 1.493179014745360800e-01 7.548309357656626251e-01
3.601543002982892983e+00 1.872050636060993423e-01 5.985141936723473721e-01
4.198012251162723807e+00 1.800620191400286729e-01 6.623079415042678608e-01
3.703159918684433727e+00 2.230976596420884139e-01 6.065423987757841973e-01
3.638444054438136899e+00 7.805560015492971071e-02 6.050469110263896333e-01
3.746310900192533655e+00 2.190636086557639084e-01 5.830653397692064921e-01
3.830604988877607919e+00 1.961898024906501559e-01 7.968397495022383481e-01
3.808387670765639221e+00 1.755319259832707757e-01 4.727067040749505233e-01
4.067714162214914886e+00 1.038292711521966727e-01 5.734629509805124759e-01
3.528747999764128007e+00 1.281451673160024785e-01 6.541057153855226458e-01
3.820499513343099007e+00 1.404041729897755331e-01 7.560766307557063026e-01
3.566452290652750712e+00 1.282488292564511467e-01 5.732101677942458284e-01
3.614526994324988696e+00 1.641638369800484942e-01 7.339058567208771588e-01
3.706999174956910004e+00 1.504608930227963881e-01 6.320358910258904173e-01
4.047643908609601660e+00 1.593281859621945018e-01 7.057270555017157720e-01
4.336330757105756994e+00 1.448821526900752887e-01 5.930346932285208705e-01
3.668434825649299125e+00 1.239793825027988294e-01 6.641641196302741079e-01
3.763260151149756094e+00 8.393454179474751919e-02 6.421337586880847548e-01
3.893125834518844641e+00 2.089101035322799005e-01 5.922348867282606344e-01
3.441649437230681396e+00 1.623849705710593005e-01 5.646667771183591089e-01
4.154872078552622305e+00 1.509712463810381489e-01 4.846340508453019780e-01
4.131156997194901592e+00 1.355399247026771725e-01 6.457494547103170834e-01
4.209070992102566855e+00 1.184530512794294416e-01 5.497981563783117531e-01
4.132089344939918085e+00 1.561627348496973378e-01 5.906277860280083614e-01
3.873901051464397227e+00 1.613145464305083543e-01 6.081509090594626743e-01
3.963046019110199936e+00 1.214873239308204289e-01 5.291553302101266176e-01
3.731733756689831871e+00 7.701681375527109907e-02 6.578573735016646218e-01
3.428342864678102675e+00 1.635220678418068951e-01 5.232800947916056433e-01
3.962737560530002145e+00 1.777421444161872144e-01 6.303827400344372833e-01
4.190094147218003329e+00 1.840393422291266012e-01 5.668228888848543257e-01
4.012500734421581505e+00 1.552970537058268596e-01 6.411287787960793239e-01
3.683184739936857799e+00 1.425696075208047753e-01 4.672226329922485322e-01
4.151850205392392468e+00 1.379334905166163527e-01 5.033827285092129511e-01
3.325733393095188006e+00 1.139388961634042463e-01 6.521773563928323636e-01
4.011820401369871725e+00 2.031342262657969688e-01 4.943840168106388155e-01
3.846453129135621207e+00 9.289670110391731739e-02 6.249988665225199025e-01
4.046390306286305361e+00 1.005707638447371211e-01 7.719739646085777007e-01
4.189690016962106078e+00 1.586370847819663366e-01 6.069895700077531098e-01
3.504166187100299812e+00 1.224266820375477516e-01 5.493528114816449426e-01
3.188110379209746714e+00 1.123076243860076651e-01 6.009476947295915306e-01
4.085595561464028691e+00 1.389075617435570065e-01 6.196258313566203046e-01
3.273562574323775287e+00 1.229052747931255185e-01 5.499817814630574286e-01
3.457433288019834627e+00 1.206808741223387715e-01 7.083570054238764735e-01
3.246778624705775940e+00 1.580024800264203111e-01 6.606528614310190894e-01
3.715486694688516778e+00 1.036001490382816581e-01 6.999046688864556387e-01
3.323209438292154871e+00 1.781146461957521243e-01 6.606325525153575740e-01
3.733185919620330750e+00 1.505459559424826010e-01 5.496947847208635274e-01
3.527714736578699384e+00 1.180712422983332538e-01 6.812743854975383817e-01
4.154470762368109860e+00 1.656684411900573306e-01 7.783664928817835005e-01
3.801598935921098654e+00 1.318902802663106111e-01 6.980170692786893394e-01
3.339004953713025081e+00 7.932985134256187454e-02 6.591789021964786777e-01
4.020533176686131860e+00 1.379165242037430905e-01 6.695163750075304732e-01
3.899988228070451868e+00 1.295638693442543454e-01 6.900429984740414913e-01
3.978692605731220411e+00 1.416258333882733367e-01 6.637513580304638117e-01
3.753385449169638122e+00 2.070711223684109370e-01 4.898062213769656115e-01
3.640962893442511561e+00 1.745647680417527492e-01 7.021846646033778061e-01
3.852408919215293270e+00 1.424547649214361889e-01 7.573099096434944277e-01
3.486883069657170875e+00 1.203500028217848461e-01 6.494953221574094604e-01
3.408696572405199632e+00 1.538575009815730255e-01 6.694190157690789178e-01
3.470695136368187939e+00 1.240791966470743968e-01 4.749643010957264044e-01
3.454918615608322696e+00 1.402622700226837382e-01 5.246032180804814926e-01
3.915433673967745332e+00 1.576558578823015200e-01 5.474144727086273088e-01
3.869400155877528391e+00 1.286803540653708722e-01 4.898918979345870395e-01
3.606580026964743446e+00 1.756025014923969507e-01 7.005016305294762269e-01
3.326197150140504988e+00 1.275684166690414512e-01 5.346289954633768327e-01
4.358774527074581684e+00 1.023348353461719512e-01 5.576108346442445463e-01
3.608536882975808879e+00 1.233509387972820254e-01 7.637160632965869222e-01
3.346391872057060901e+00 1.865958947228827380e-01 5.881490339088203401e-01
4.053373997921183580e+00 1.622698862431546096e-01 7.364075272873656930e-01
