3.484631776674578241e+00 2.189934151946671959e-01 3.906462690470333676e-01
2.933483334958337796e+00 2.900649966140443903e-01 5.084726624872237810e-01
3.937351984664847926e+00 2.325624292453062347e-01 9.334431975037453810e-01
4.081273127817341084e+00 2.367663063731968998e-01 7.109596110182855311e-01
4.086585232866618789e+00 2.797115030989465456e-01 6.812725568362132389e-01
4.163149254513814235e+00 2.118680915723782643e-01 5.560321799072769355e-01
4.103739870014761593e+00 2.431658948273602017e-01 5.271577451656532798e-01
4.037044273279337681e+00 2.280314416539592770e-01 6.695714057365887983e-01
3.741483668246294414e+00 3.142959333371783126e-01 7.836273244610802990e-01
4.042675640643325963e+00 3.049279997333469439e-01 6.672848413461275330e-01
3.352282636544546168e+00 1.815829241660091853e-01 7.710639595390887946e-01
3.651608181679739662e+00 1.975964102577839887e-01 5.609907760813670485e-01
2.994171381878452998e+00 2.070946682978126174e-01 6.518875645177890643e-01
3.662589251079204189e+00 1.982366154014335580e-01 6.911825337027305283e-01
3.836600302708528698e+00 2.072594083725374237e-01 6.879833916021159679e-01
3.589301993884365771e+00 2.002929219958612117e-01 5.822938415130120005e-01
3.554685688271771227e+00 2.607061114596350149e-01 5.262985561388425770e-01
3.970263938334444465e+00 2.743381587152683987e-01 6.252384840068673233e-01
4.297277279362696767e+00 2.448061802790533759e-01 5.235526760478950159e-01
3.581981600651950259e+00 1.704466258593651806e-01 4.997165779023889920e-01
4.126880841914432274e+00 2.456755716490735264e-01 5.931565485007932459e-01
3.144068597907491380e+00 2.942561334598901013e-01 6.285339925675595962e-01
3.634653011657989374e+00 2.940776422400561141e-01 7.009213689694544502e-01
3.949831434849220280e+00 2.090043225412639982e-01 7.285063588331993634e-01
3.443021251679859063e+00 1.990059420724116790e-01 5.179168321534466379e-01
3.466375730473427286e+00 2.506517203352956469e-01 4.948249759405399795e-01
3.620797113474250928e+00 2.460581886422896769e-01 5.233656265264007290e-01
4.046419637136140501e+00 2.926368293093982165e-01 6.322235955126316309e-01
3.357676820457544231e+00 2.223045601152613959e-01 6.629264191560472197e-01
3.985110789249227015e+00 2.834149318689404007e-01 7.271825288309745616e-01
3.499287357329602166e+00 3.062238358483236889e-01 4.620378834822412295e-01
3.520579755249932052e+00 2.481283814621543238e-01 5.399612377852344158e-01
4.139642305587773130e+00 1.736153131890324497e-01 6.680009313100051527e-01
3.513735533073180317e+00 2.815606450145369810e-01 6.756567923086865823e-01
3.341706408243080073e+00 1.825970707038529761e-01 6.743707789785942097e-01
4.136731494655078833e+00 2.541500908021327443e-01 4.973692240609588477e-01
3.174662508932618366e+00 2.787561540537161209e-01 6.217957550037560566e-01
4.539779912500401693e+00 2.338799047747854298e-01 6.329533438908951926e-01
3.608747450887313413e+00 2.886560877587489582e-01 6.711300565742877033e-01
3.907130207910642028e+00 2.517065011491643189e-01 5.364939398923754821e-01
2.967067030291080876e+00 2.296531556540045427e-01 6.169073183586206710e-01
3.733310897354295221e+00 2.482402214525603334e-01 8.602313689616800652e-01
3.620735694767650337e+00 2.716573560639015117e-01 8.584568034251289781e-01
3.228370788703581518e+00 3.028054768285025622e-01 6.809234937209192040e-01
3.778076090947527721e+00 3.126288193804328541e-01 6.946513997110429495e-01
3.823674071722505730e+00 2.899980364340969952e-01 3.155523506069262130e-01
4.500440834309427096e+00 2.751229043794704565e-01 5.152437615004547000e-01
3.439609796864379732e+00 2.490989679750100771e-01 4.071475095129377664e-01
3.224649971667114201e+00 3.141710281917914349e-01 7.042277190413719357e-01
3.793449268703462440e+00 2.746583741454328709e-01 8.323737832374403789e-01
4.141970303365854811e+00 2.169309823673692683e-01 5.466175545087083032e-01
3.900733278422433337e+00 2.208369882632107151e-01 6.931642251418269618e-01
3.307575613069638099e+00 2.620858340503008921e-01 7.039051842483254884e-01
3.726033011274039186e+00 2.386055677327419688e-01 5.175804121168038341e-01
3.188086065445378203e+00 3.153940087601749820e-01 7.008612125335067500e-01
4.050188841115597072e+00 2.604628947057361921e-01 7.615225648237206046e-01
3.935417052751768896e+00 2.686272000652583647e-01 8.600568327028278448e-01
3.864936264758406903e+00 3.379870508572698773e-01 5.287863089021552776e-01
3.633774755150416702e+00 2.057638700756508066e-01 5.578122521066504191e-01
4.233786208552087871e+00 3.068930371374438137e-01 5.191687235704223191e-01
4.542573702551617743e+00 2.540899927396946256e-01 7.797761238005751494e-01
3.521415675685527269e+00 1.825405259216060228e-01 7.175950360978449183e-01
3.998105788897468038e+00 2.443416900856859586e-01 5.027316881086156819e-01
4.305865143670062345e+00 2.431204674077103445e-01 9.047192023719630161e-01
3.792125273983151690e+00 2.694638827348063148e-01 6.358483983190366118e-01
3.527479388569175534e+00 2.949702305726523699e-01 5.591942503503718465e-01
3.882923501185197690e+00 2.173247675653578459e-01 5.821800442308581180e-01
3.559043342865654047e+00 3.243531389647752450e-01 7.636300212002751220e-01
4.096350842569397521e+00 2.139572774918202802e-01 4.219272443134217121e-01
3.926575206333011270e+00 2.421838582738752577e-01 6.123615390161755156e-01
3.930330991495253112e+00 2.477217763314683296e-01 7.489171697212128054e-01
3.139191822630553297e+00 2.593095761921032638e-01 5.560484125926102861e-01
4.147346709442815360e+00 2.595782887851659781e-01 8.043917342221809097e-01
3.520025270277108653e+00 2.479267412775341128e-01 6.057966827594392090e-01
3.674897644451090351e+00 3.147696603664461579e-01 4.647201494114421849e-01
3.650842716640032570e+00 2.009299323197862031e-01 5.131828281150031534e-01
3.767656088499999001e+00 2.227291239295255409e-01 8.547241446538234033e-01
3.170594683098623801e+00 2.305323150800569765e-01 4.821665366139041842e-01
3.956189740240663610e+00 1.882632947526931277e-01 6.710631080956253047e-01
3.200885363667015149e+00 2.132796647589365047e-01 8.767089486821508793e-01
3.416537844972055815e+00 2.985252648347883619e-01 5.020191612620165111e-01
4.391365154963136064e+00 2.993581982570464595e-01 8.353270720125141047e-01
3.830430382054863081e+00 2.652805572768839881e-01 6.047790543830856569e-01
3.827186318426598177e+00 2.258556135110363350e-01 5.913143387255547223e-01
3.896833119035707060e+00 2.641418444042324398e-01 7.724185492243060835e-01
4.076127582312677688e+00 3.015146656535472314e-01 5.878892405826895429e-01
3.451402408490009677e+00 2.693937514850668902e-01 8.029615212723870687e-01
3.543057621104830357e+00 1.983456900465657979e-01 5.848729660481373216e-01
4.267505470660456268e+00 2.615156933251692739e-01 6.811956304111963512e-01
4.266793355105154895e+00 2.231597008723729125e-01 4.398078499837696498e-01
3.363527019291271181e+00 1.970461050085525745e-01 5.632720074172872238e-01
4.156005331316434237e+00 2.626471256420959133e-01 6.595044547862536355e-01
3.375595781314626009e+00 3.395032268371989126e-01 6.986688875453708203e-01
3.575659465968676010e+00 2.053853873608518510e-01 6.034225547472541473e-01
3.568916849172938388e+00 2.766359610463807184e-01 9.150832200497170943e-01
4.604251905906755482e+00 2.556881450911329678e-01 5.713294917122484495e-01
3.917020065772515824e+00 2.236773843934476147e-01 8.177283278456023430e-01
3.927457341640440802e+00 2.375449002968238466e-01 4.617508300391459097e-01
3.637665076513105777e+00 2.603202229720767424e-01 5.326199588272974017e-01
4.178198047481282096e+00 2.539114677501073114e-01 6.810988672438700320e-01
3.397164772331626725e+00 2.042185013469608179e-01 4.100922966738013709e-01
4.234867757557211121e+00 2.205182221564154499e-01 6.293528641325916162e-01
3.706384073474195961e+00 2.474122283244155895e-01 6.579564914479626436e-01
3.763714182333422809e+00 2.341769573028574247e-01 7.711427285651712982e-01
3.005171255096837690e+00 2.284420644465678107e-01 8.475304909659200359e-01
3.381305350506809582e+00 3.312843580052214909e-01 7.355398338956694593e-01
3.996161093196366032e+00 2.803179702779343141e-01 6.020127195173341494e-01
3.753878484581282038e+00 2.198318613910711372e-01 7.089351889502644166e-01
4.063798207353913838e+00 2.681268626526985277e-01 5.451540502222866902e-01
4.012653233434052780e+00 3.224887399197396420e-01 6.565789334442471148e-01
3.939499616986043673e+00 2.144667920214265167e-01 6.819033019093601045e-01
3.323996652665726526e+00 3.226600076343341672e-01 7.038213510576318832e-01
3.600298363904696153e+00 2.670494461110098916e-01 6.007045411681684044e-01
3.715186947840972920e+00 2.494410215852960744e-01 7.794437805108431760e-01
3.557489672404696268e+00 2.799061447097619948e-01 7.054166456283160747e-01
3.812334809593786566e+00 2.380318456951288908e-01 3.694384032600058210e-01
3.569035728959537579e+00 1.932588796684754917e-01 5.887617875059699690e-01
4.178287067123371834e+00 1.965777151805697953e-01 4.396896810535190769e-01
3.676041139919738132e+00 2.726543336704324583e-01 6.933242669520762735e-01
4.319887583402840292e+00 2.630469680039916325e-01 6.304923655801901727e-01
3.404361455026102767e+00 2.801952721738614760e-01 5.357325527379659391e-01
3.419944197704172240e+00 2.438158657995177503e-01 7.785369954417907801e-01
4.142149024552081116e+00 2.890379148303482415e-01 4.432394418200719111e-01
3.572922841639153635e+00 2.208605767020554722e-01 6.155382840361420804e-01
4.463422455289141055e+00 2.391785336129632622e-01 7.172341517625361318e-01
3.765301064115309959e+00 2.339128527525762002e-01 4.095447581622601030e-01
3.548746382934918842e+00 2.966531106690872277e-01 6.715861694351020761e-01
3.294446756261493192e+00 2.335709038786392688e-01 5.710982236334054551e-01
3.111003537534573038e+00 2.713251379746202674e-01 4.917899379837840090e-01
4.005174127264590211e+00 1.991439726585659820e-01 4.352789238067519273e-01
3.581001377118603557e+00 1.960875424629887065e-01 4.847204428331107762e-01
4.020625237921585438e+00 2.392660086225440463e-01 5.847252076499295237e-01
3.758060286907176195e+00 1.832240161507700804e-01 4.791475903255311142e-01
3.215605766479351146e+00 2.489502401308532620e-01 5.037140220407544389e-01
3.751663168012479677e+00 2.011233786441939952e-01 4.269713313851186132e-01
3.608565817008249521e+00 1.810617025701518334e-01 4.487034611644134530e-01
3.720253303782163012e+00 2.718521969693387663e-01 9.452480451852288690e-01
3.724479938953101588e+00 2.217332976239093090e-01 6.453065314842059141e-01
4.152634559299899664e+00 2.206559682459602878e-01 4.647721808337900162e-01
3.540650683884174033e+00 3.206407981011576980e-01 6.498727721433626980e-01
4.209078151056253603e+00 2.405119409227934602e-01 5.643765847349331288e-01
4.116737914988015667e+00 3.086405513693042946e-01 6.727940542710788563e-01
4.264142790491488810e+00 1.911585802597338957e-01 6.122609655164102938e-01
3.747011349963725646e+00 2.130965126334223303e-01 6.927566462584818785e-01
3.693678227069344899e+00 2.668904944146112679e-01 8.316131030094229271e-01
4.238164208196308458e+00 2.678301012497192324e-01 7.111830360722217748e-01
3.769965456816715577e+00 3.345051825998205941e-01 4.587632640250146610e-01
3.125614327872097586e+00 2.040500715937679788e-01 7.413151984265211603e-01
4.162003749063905467e+00 2.498764411519245887e-01 5.996401700625310083e-01
3.766166573263244999e+00 1.712402245582106963e-01 7.977549363142977246e-01
3.329336376406049069e+00 2.780156744382206169e-01 6.524816935301149812e-01
3.296961404136120599e+00 2.629942207718407587e-01 4.061936580947114184e-01
4.071248542205341714e+00 2.585805637259034340e-01 5.618290370894688524e-01
3.950351828160931333e+00 1.847286798573964939e-01 5.292058171290563440e-01
3.597040703032805098e+00 2.202640446035230015e-01 5.403722208136579885e-01
4.355498420783135316e+00 2.650477895193920630e-01 6.993700915256981787e-01
3.880584795353700933e+00 2.838912144230926748e-01 7.747319216389056962e-01
3.697488428704792884e+00 1.981919316059143621e-01 5.612264709951875208e-01
3.422260069257845316e+00 2.135110400262699992e-01 5.753642739181578092e-01
3.532514058744117502e+00 3.145417906928507090e-01 7.116227608821468209e-01
3.929023107435668294e+00 2.549114163938741573e-01 3.012221276320530827e-01
3.796881286739322459e+00 1.760509589408544295e-01 8.301526490815479553e-01
3.815547673211507007e+00 2.750308910081407099e-01 3.828516952384627969e-01
4.361983927847343345e+00 2.655267472714256671e-01 7.467160796363592201e-01
3.968058683944464260e+00 2.569193406138426949e-01 9.266504064890992431e-01
4.334709848861971970e+00 2.641758696788678584e-01 5.825774900357919561e-01
3.657519637943380086e+00 2.593107523729593633e-01 5.324913937582953505e-01
3.580720538654200258e+00 2.554245160550851490e-01 5.948470688063518530e-01
4.308146105398895642e+00 2.860199462905731460e-01 7.986051043653888959e-01
4.270323294297655892e+00 2.346005327318269884e-01 8.840884048429104025e-01
4.258631585252398821e+00 2.610093782012073427e-01 4.111623431644340076e-01
3.815039401406571162e+00 2.803260489179690840e-01 4.410042222656795907e-01
4.121508086881287447e+00 2.397792502973868367e-01 7.358080861338902601e-01
3.772138988813727778e+00 2.084400440374691577e-01 7.578478853523925585e-01
3.708943296465007755e+00 1.976516577482232417e-01 8.140813908558846013e-01
3.246817733866555145e+00 2.023854141849789623e-01 6.281443028159682251e-01
3.745156492844908591e+00 2.429757480724892282e-01 6.006617812668600953e-01
3.841315168641496136e+00 2.292222961919745117e-01 5.682219838343053331e-01
3.429960343055938221e+00 2.622319396081552179e-01 7.994646701682839307e-01
3.313187047515206096e+00 2.905891867619124214e-01 4.623774954975810036e-01
3.608506049372113278e+00 2.195472238361914907e-01 6.355089282166481723e-01
3.538687533427576248e+00 2.795977426612106798e-01 4.976282845742938665e-01
3.834902161658062969e+00 1.755882671272326334e-01 6.381973138914476262e-01
3.708385049610751327e+00 2.832598499781505130e-01 4.520619684192653809e-01
4.046371645051033639e+00 2.586943916402651977e-01 7.982195354795217357e-01
3.815669214843431245e+00 2.392418714857301176e-01 5.708980083778285586e-01
4.522127171521682421e+00 2.869891003029844123e-01 5.610902605820125011e-01
3.453567161761673443e+00 2.937960933423175436e-01 8.065042597936792346e-01
3.656280555713679270e+00 2.202760233230068587e-01 9.618018358371153154e-01
3.304046631844209436e+00 2.538312118720993382e-01 9.421910373286086493e-01
3.756156172078169764e+00 3.159513453413903550e-01 5.442136218411595117e-01
3.506153935175019054e+00 2.924839897874279560e-01 7.840809520347320483e-01
3.503159701117509961e+00 2.188078968163199856e-01 7.064428875565749166e-01
4.393673874814560065e+00 2.754082612690957887e-01 8.960172830472841188e-01
4.344986146189887322e+00 3.052384958013570349e-01 5.383885735967193220e-01
3.707446051037706081e+00 3.029814033171494558e-01 4.298682117480895348e-01
3.712999450226270870e+00 1.809362426758929776e-01 5.555417517085901036e-01
3.941978429906852543e+00 2.983599963409073186e-01 7.264142286373895807e-01
4.321870943499188655e+00 2.972870745062931030e-01 5.453709444813034102e-01
3.487953373162125725e+00 2.659816738634444566e-01 7.898159447454541349e-01
3.199720864870872816e+00 2.965544893419242989e-01 6.844075863889788058e-01
3.837737417386349215e+00 2.273511550286837490e-01 5.649116492350084728e-01
3.652364932306508827e+00 2.680940048178838131e-01 6.880805362834409022e-01
3.252769727035374370e+00 1.988393655845889230e-01 4.376904430914931865e-01
3.251167531142250322e+00 2.999807653627636350e-01 7.150348830034578551e-01
3.384358958688158836e+00 2.529740407234059574e-01 4.700130496040072492e-01
3.505251205681660043e+00 2.075301760351953850e-01 4.158448589779981108e-01
3.547167237256641403e+00 2.993101427666273739e-01 5.052885360035362927e-01
3.923724028186497570e+00 2.465524718829982531e-01 5.031010615942026476e-01
3.799558600161219601e+00 3.254521619124591814e-01 7.335904486866210439e-01
2.912367572557299944e+00 2.615287396501934647e-01 6.562458710993586131e-01
3.927827129118263816e+00 3.043221542742087227e-01 7.899378804101053753e-01
3.376077018814818143e+00 3.302667782325749424e-01 7.357798863702000869e-01
4.260217812777688629e+00 2.691560354928753118e-01 5.883014745101442511e-01
3.014268182191137235e+00 2.592012462132562978e-01 8.236565097958076231e-01
3.741100255263706931e+00 2.075382756490832259e-01 7.432271618918857570e-01
3.771107263389291919e+00 2.702361209537397224e-01 8.321598109836998436e-01
3.736545129132480714e+00 3.370934985006252549e-01 6.747681492567131345e-01
3.477345372774782284e+00 2.832669398648066661e-01 5.923598136488622545e-01
3.990033416516134412e+00 2.131658760493588267e-01 4.252709146132461759e-01
4.125804496015621048e+00 2.399856230944035773e-01 5.088418154103289126e-01
3.798057064849387210e+00 2.083069434288468691e-01 7.828710565430356816e-01
3.816118091585500860e+00 2.596288061023783178e-01 7.158226742482085569e-01
3.623049581298032784e+00 2.139999945393735725e-01 4.046221108085173990e-01
3.243629412001183265e+00 2.622747156736164320e-01 5.743600344333552599e-01
3.335661719569802841e+00 2.531898275027066880e-01 7.396661981836776256e-01
3.400239675204958623e+00 2.464647442210340100e-01 7.523490029959551961e-01
3.924352963816910123e+00 2.942356543152701565e-01 6.846606242847954604e-01
3.501943056690250966e+00 2.425671374333223662e-01 7.380069150695830471e-01
3.027081151824788208e+00 2.247163013000888776e-01 8.713471793622684647e-01
3.355226449738637928e+00 2.569705704873260221e-01 7.740202787359118375e-01
3.963038453745198808e+00 1.968930964221587421e-01 4.754428158054970766e-01
3.784473111272128154e+00 2.585946063586500587e-01 4.826369006971546471e-01
2.861278317393930681e+00 2.596337250766176385e-01 5.873501188137139062e-01
3.291741776043135559e+00 2.479489548061599713e-01 6.244296420326702624e-01
3.075119381243200056e+00 1.933651192428078869e-01 5.183637350910881292e-01
3.346560417809101295e+00 2.735571558657961533e-01 8.450982396091952786e-01
3.047009439603245440e+00 2.102751413051022200e-01 6.538370852375381403e-01
3.706385834796859235e+00 2.122067371313719197e-01 5.430261547024577418e-01
3.458865928154017944e+00 2.490489094278428017e-01 7.221160482001657277e-01
4.305837701574333209e+00 2.886081308733028927e-01 4.182341407755112428e-01
4.367552781026508235e+00 2.817989120206249032e-01 7.422205495443100487e-01
3.933500147652316148e+00 2.369506993227391001e-01 5.455994217887334408e-01
3.624433124797763917e+00 2.549249645317523960e-01 7.934577874560947430e-01
3.671297826666207520e+00 1.932410446752674815e-01 6.768164987313558534e-01
3.937982004213352649e+00 2.173120844733499868e-01 3.595639259905248908e-01
3.530804330953821957e+00 2.613500679597093868e-01 5.982192603609286508e-01
4.091319111510834716e+00 1.779231424848625731e-01 4.402734536956243172e-01
3.362284501986566809e+00 2.738920351045371349e-01 4.133698384814453730e-01
4.113223790649755074e+00 2.804845049037176796e-01 7.131539278089356060e-01
3.444500609936140378e+00 3.142799945394308958e-01 4.659794490875286410e-01
3.788784424328981437e+00 2.614516644651944666e-01 8.407369110955312808e-01
4.018103585380408127e+00 2.794333328329062227e-01 6.446210064828239439e-01
3.696326769173627902e+00 2.379210150006548508e-01 7.418257491882158661e-01
3.592621001989018126e+00 2.570755203803097300e-01 6.464210867171892305e-01
3.734561635764470200e+00 2.166416895270576182e-01 6.816387770384411127e-01
4.217142721597911148e+00 2.238918879532452166e-01 6.118556853975097853e-01
3.880776914036966563e+00 2.315229185244395416e-01 6.270796366921133069e-01
3.681498934568866233e+00 2.576641391593293973e-01 7.201753366599403794e-01
4.054523888039044621e+00 2.945138478177874997e-01 7.453796686443776576e-01
3.147940243327286503e+00 2.643197947768997080e-01 7.702573592446364525e-01
3.493250974061110625e+00 2.419133344352656367e-01 6.086707845771357483e-01
4.246333231611337133e+00 2.557362497453200545e-01 4.036218778004627694e-01
4.114521661998783664e+00 2.272308015388506131e-01 8.489757736188577875e-01
3.974318143673208681e+00 2.486668899761839691e-01 4.324265053963951000e-01
3.410115831388562668e+00 3.073090795064035152e-01 5.296520698960252016e-01
3.493742813921669299e+00 2.024412020227618902e-01 5.734087416693854911e-01
3.583714884537024137e+00 2.907188017963170390e-01 4.174036395824323176e-01
3.510361910688818643e+00 2.093027272987028897e-01 5.819900381687567181e-01
4.188686298541806075e+00 1.822596607715947781e-01 3.894076501977679072e-01
3.607420495281615569e+00 2.487213923012983607e-01 6.586524641391153789e-01
3.942194997550276803e+00 2.751803561694566858e-01 7.239657181126176733e-01
4.041065071712854895e+00 3.039115663653852439e-01 6.951144889501688073e-01
3.819906169925171291e+00 2.760347212329203881e-01 5.446661225311335564e-01
4.193288769831771567e+00 2.930585951181710613e-01 5.864104526335243150e-01
3.492674895198588203e+00 2.631887765107359112e-01 5.178902748673432921e-01
3.965074485092860090e+00 2.691830873033453919e-01 7.136568326902709147e-01
3.250076464546593602e+00 2.073185593678247840e-01 5.568277331162188037e-01
3.369405667043455566e+00 3.180385962864661353e-01 7.326650615638204966e-01
3.571668709972652511e+00 2.828117208049718001e-01 5.462372450237795718e-01
3.832809178271203265e+00 2.668492764636805625e-01 8.625621558354146234e-01
3.200392156816911804e+00 2.435745092387511801e-01 7.443546920109196385e-01
3.658401882026352858e+00 2.569977261873766516e-01 5.875746748652376228e-01
3.657190206531230281e+00 3.291449850149164025e-01 5.445673330241553867e-01
3.827038138762393071e+00 2.171240437063258477e-01 7.215431649965311500e-01
4.122944635116406076e+00 2.407881406719122319e-01 6.823207264603968758e-01
4.137186095429538746e+00 2.722931758721967577e-01 8.023708325724923096e-01
3.818206267361042183e+00 2.925020593237013800e-01 4.139643804492394441e-01
3.731552067270618611e+00 2.325250723764340777e-01 6.904074130870905268e-01
3.629088662832431478e+00 2.796393651915892731e-01 6.296236329551030408e-01
4.390133537759811411e+00 2.392077102910191433e-01 7.406055246524818614e-01
4.383406011233296873e+00 2.377568360522218094e-01 6.040363436284863496e-01
3.615369741704538065e+00 2.561619147331583579e-01 7.811482654407482240e-01
3.598221390856132462e+00 3.090044239688996552e-01 7.622544468769152370e-01
3.704311796191757988e+00 3.134370808224713478e-01 3.264558822236007241e-01
3.321608518474338911e+00 1.870023842803713865e-01 5.961418428145848214e-01
4.086302820233330024e+00 2.345825374530435270e-01 6.690170630333807100e-01
3.554493914598164661e+00 2.781341119284534980e-01 7.324786308640039989e-01
3.525381812396733316e+00 2.781868432890937104e-01 5.089461606496038515e-01
3.228799681182806136e+00 2.595485673530914528e-01 7.257507399410078053e-01
3.963273493431050287e+00 2.913034650728533181e-01 4.649267912916484891e-01
4.038091780166706890e+00 2.504140085146784878e-01 7.297659001269036771e-01
3.135731036228853519e+00 2.643612311825946914e-01 7.471518727520674030e-01
3.426629396226329227e+00 3.267091286104880088e-01 4.814337713559828646e-01
3.654888135200014876e+00 1.995834286458691431e-01 5.254276646670333895e-01
4.141912421389088550e+00 2.327309983689736517e-01 6.206500061842940008e-01
3.823164017000066028e+00 2.567429744912554934e-01 9.084808867826517087e-01
3.329655325897259210e+00 2.582995846795116401e-01 7.948513040586557832e-01
2.835535379026680403e+00 2.372852265136535521e-01 5.199317004248752427e-01
3.130196760634515130e+00 2.609699287869859385e-01 5.405479269346349369e-01
4.403259395072166349e+00 2.470127975575352186e-01 7.856942878526080865e-01
3.361343808208427486e+00 2.388532837150654786e-01 4.203999380442045575e-01
3.282381092470461503e+00 2.896345836045080557e-01 5.210192577089702848e-01
4.076904419872438901e+00 2.898699994980373229e-01 5.341345634380838536e-01
3.900907429746642396e+00 2.409097076419561279e-01 8.652803710561109973e-01
3.651198136432594943e+00 2.747451832335959243e-01 6.732411658115095010e-01
3.343847638744032125e+00 2.688040242605787000e-01 6.900794044154568985e-01
3.909530680537632197e+00 2.238368001419966946e-01 6.671773328498808997e-01
3.589307271538106470e+00 2.868857046940999078e-01 7.938518828018297224e-01
4.128325190439407599e+00 2.326496996944724116e-01 5.764187892732064444e-01
3.670464294738328803e+00 1.650189753384802560e-01 6.948839849051990925e-01
3.800676375649692851e+00 2.756220653282835942e-01 8.709473857672684893e-01
4.048420149700040049e+00 2.646902531618179899e-01 5.375243022021144457e-01
3.642257845597123289e+00 2.810364805089684559e-01 7.127683817060880278e-01
3.312469736531683751e+00 2.697536754314817653e-01 4.728109697035334236e-01
3.400565655442171931e+00 2.738972197687870036e-01 4.732786465640442808e-01
3.361332744870634937e+00 1.937098074274913595e-01 6.276912665761019694e-01
3.889229071947047256e+00 2.331739276186991228e-01 7.100034466542947120e-01
3.656158278482174673e+00 2.343089058588710138e-01 4.365370368586098393e-01
3.225693590638339270e+00 2.752403162726868024e-01 3.758980744276182451e-01
3.840865691454680153e+00 2.111315806271973905e-01 4.879268752446713764e-01
4.074435419705547012e+00 1.906197495433569755e-01 4.874836979394086001e-01
3.327380593890411298e+00 2.472841979531955059e-01 6.685736092037170009e-01
4.275568641569599038e+00 2.461967801738784434e-01 8.032440403804298468e-01
3.720537889291125389e+00 2.944553236473518298e-01 6.341470442275637387e-01
3.677767446320014511e+00 2.579886643703558358e-01 5.315959183493624840e-01
3.996682723225651213e+00 2.158307359053910357e-01 6.727259634666503674e-01
3.712959278785722184e+00 2.400253536248315445e-01 7.087389845068712280e-01
3.764276861179435052e+00 2.853753112268712089e-01 4.440857332192880147e-01
3.709076283608599311e+00 2.346685254559108813e-01 5.895499131843755514e-01
3.475397578139832966e+00 2.657514302520009308e-01 5.603406863942193006e-01
4.200486982785645473e+00 2.633198678477868260e-01 3.431869445548380027e-01
4.433717771740519176e+00 2.451552975498425546e-01 6.939884706739930520e-01
4.122096483643516329e+00 2.082237229414727331e-01 7.597248506858121919e-01
4.255708589948948628e+00 2.356542498018233400e-01 7.512073169074002799e-01
3.907658205428524045e+00 2.949779238240661794e-01 7.268631871347082107e-01
3.878196109022330695e+00 2.682137368005719225e-01 9.060222987060517763e-01
4.129637219021076611e+00 2.469485082071112003e-01 6.048505718410756016e-01
3.735919874733066415e+00 2.574734424079389572e-01 7.300767222234405551e-01
4.602550262115024715e+00 2.514749599947366243e-01 5.233797204512234957e-01
3.771685475550549338e+00 2.740858500785553487e-01 9.839267614553471875e-01
4.573386079674088833e+00 2.778658948734765155e-01 5.328101154486166724e-01
3.257223528676303825e+00 2.440389118822750558e-01 7.764767296727019819e-01
3.538126013009315063e+00 2.648024302172122257e-01 6.567210893674209071e-01
4.065194021552949621e+00 2.920225094520082498e-01 5.932039191394504751e-01
3.641280805626377237e+00 2.574622904033387338e-01 7.202652357270729055e-01
3.587184449867174330e+00 2.669196149339351232e-01 5.709868665657528153e-01
3.397731589102153116e+00 2.804946259507509199e-01 5.153920014358455148e-01
3.592927987951021418e+00 2.035193116623846554e-01 5.544539893929419927e-01
3.269636227874434198e+00 2.505254724409604061e-01 9.735836286665016104e-01
3.772104005786012237e+00 3.185281665026287734e-01 6.270053950074098159e-01
4.198596630378189865e+00 2.446249505759416909e-01 5.727514747594515399e-01
3.689180622690094058e+00 1.630826059267953265e-01 6.724796428340195087e-01
4.106690878784783116e+00 2.825546941688473757e-01 6.600560500728016589e-01
3.904976090808713884e+00 2.688756014077185452e-01 3.753708997542803960e-01
3.390651078721367284e+00 3.098022956400015571e-01 9.007416066459467130e-01
4.190044130208596229e+00 2.872463506024262592e-01 5.383642017217427078e-01
4.358784819131694910e+00 2.988199976453012052e-01 6.106453442161484668e-01
3.936886644611206520e+00 1.980256828032199712e-01 4.270045685521595691e-01
3.238474674070620729e+00 2.698394419561230273e-01 3.193375638038255526e-01
4.018832345705696696e+00 3.216160416959007451e-01 6.891956853815649486e-01
3.881774427984840514e+00 2.375074377930961322e-01 3.653500020492856382e-01
3.358776289529080472e+00 2.843284730556503437e-01 6.791040142671753710e-01
3.874508225880967771e+00 2.298764313868190412e-01 7.719505376185451517e-01
4.004703291599664539e+00 2.710381596978492236e-01 4.451884524442957236e-01
3.517609730098658627e+00 2.586492516315787027e-01 4.852631232186117582e-01
3.703869957243805633e+00 2.466725609385602702e-01 5.999548880275942242e-01
3.315995338997907549e+00 2.387611716707086218e-01 4.453879976521281092e-01
3.949956887200944955e+00 2.217295684032613290e-01 3.247012104087407813e-01
4.037941382341736940e+00 2.205666507365151296e-01 8.014860120566573709e-01
3.766488389320852281e+00 2.427323552638125381e-01 7.035663763442465690e-01
4.124104818622792656e+00 2.989134251535319198e-01 7.378206373819156116e-01
3.193316815880491433e+00 2.353746657376624141e-01 3.988963683019966511e-01
3.796643314616515941e+00 2.406932875599563371e-01 4.496956457015736097e-01
3.492501993722072484e+00 3.019902014414698743e-01 6.158053667573766266e-01
4.196486409206053203e+00 2.414487737090638686e-01 8.131025808625087503e-01
3.908252848304287763e+00 3.199827186289492809e-01 5.167766141262734036e-01
4.093524667598130939e+00 2.099819758325446317e-01 6.990110554004802523e-01
3.880734848236336187e+00 2.452279739825026228e-01 6.147024840750306973e-01
3.810285278176425816e+00 2.845740223179691331e-01 6.459182659597727527e-01
4.007514433133226639e+00 2.182932826344524679e-01 5.263040277585189219e-01
4.313991746971691299e+00 2.340818372158580130e-01 5.160422331953817832e-01
4.045384657202367507e+00 2.695192877205285220e-01 4.705128751098370810e-01
4.018696764639327235e+00 2.746395724107462133e-01 8.987557362449856146e-01
4.027637087281003225e+00 2.108302790476065947e-01 6.054708818153254901e-01
4.197580154448580458e+00 2.086811700564351613e-01 5.371273907073624843e-01
3.328365781319534200e+00 2.562383878411790272e-01 6.171704422587340755e-01
3.662837290258150968e+00 2.291264965338213333e-01 2.745834455393843521e-01
4.312562370976083415e+00 2.646217441059431352e-01 5.011345075354284306e-01
4.167902992490158276e+00 2.683156154003547567e-01 7.918568797701470707e-01
3.990730346685584351e+00 2.499221969033751933e-01 4.566392229196523100e-01
4.078017101517025012e+00 2.798261919531905839e-01 5.948224796915682067e-01
3.559448904136959690e+00 2.797942639947232912e-01 7.903020433877624429e-01
3.496494653851502488e+00 2.598953626969259245e-01 7.443645112127159624e-01
4.398120306428866755e+00 2.363437618318243172e-01 6.539519438113614580e-01
4.084148198178872313e+00 2.634740025383734419e-01 5.525111086227245671e-01
3.496106121256322918e+00 2.549043589918269515e-01 5.764032006603612146e-01
3.079464562695223950e+00 2.938729893669535520e-01 5.230812781036584536e-01
3.875176067875161667e+00 2.493843655446677521e-01 5.100570290467270063e-01
3.819175595957716940e+00 2.366063229102193244e-01 4.529147449860497776e-01
4.024150288049888502e+00 2.208166360766213310e-01 8.130286207726836745e-01
3.072738381152456899e+00 2.832849502878383996e-01 5.544489169494559722e-01
3.593462629819947018e+00 2.256758722953726148e-01 7.269393646127509934e-01
3.384741496383621318e+00 2.338445673506730493e-01 3.464350630325314651e-01
3.970689819702849288e+00 2.534842953644570462e-01 6.057879892482815887e-01
4.066960786502537673e+00 2.117312543017126347e-01 4.105992047292799096e-01
3.574534692268718228e+00 2.759790081455218425e-01 5.025739505147190922e-01
4.335310715074204069e+00 2.424515951970129812e-01 6.276531072988309479e-01
3.457591170426946192e+00 2.945035022367593069e-01 3.235928566061361811e-01
3.654606857549851817e+00 2.314751703282194040e-01 6.187544998891156833e-01
3.904553406697786944e+00 2.225254602190637199e-01 4.699811157164131559e-01
3.584868679669409808e+00 3.191943723623373863e-01 7.648531833134873947e-01
4.287710890029508448e+00 2.614833359819392355e-01 6.488359988084630992e-01
4.090939257533735329e+00 2.228639388367183172e-01 4.407693655470876770e-01
3.184775220243682092e+00 2.735716672078414291e-01 5.593866160658184095e-01
4.314700199625628230e+00 2.665360257293561408e-01 8.045156325203757230e-01
4.229053516506008137e+00 2.473231879263163568e-01 7.671844823739155661e-01
4.047578750639179823e+00 3.428164358047799953e-01 6.490116127973065696e-01
4.221929107725742369e+00 2.597309805493629997e-01 6.905466574054923701e-01
3.533107968815333066e+00 2.911524095029797143e-01 4.117930904375409762e-01
4.628698013403060862e+00 2.281292701807193513e-01 4.699779897258280492e-01
4.005909132786362292e+00 2.156432358973898178e-01 5.393785673984259343e-01
4.000743526111996573e+00 2.688569882647374176e-01 7.843830171846645216e-01
4.102542775065775693e+00 2.704544565629059538e-01 7.385317411970149237e-01
3.879532228350361933e+00 2.536350216944081581e-01 8.834716811306384532e-01
3.530084139915326435e+00 2.972055326978648715e-01 4.222166217227825147e-01
4.113581674569172897e+00 3.216730996819031629e-01 7.658880708427486805e-01
3.741140450217073088e+00 2.510946476612718192e-01 4.948276705956935473e-01
4.004650068865136525e+00 2.897354627539697747e-01 6.044890375032840879e-01
3.659913310997291447e+00 2.783065093754189534e-01 4.357695697743323437e-01
3.811908969093081634e+00 2.684782351460035521e-01 5.157974078760836356e-01
3.755411918375685776e+00 3.286666712466018714e-01 4.197328216550265667e-01
3.667726600255551972e+00 2.450306419764367583e-01 9.523609462205783194e-01
3.758754288921515752e+00 2.717056138462934367e-01 6.199362012345513984e-01
4.084555010674519870e+00 2.160981934264741555e-01 6.736460896660980691e-01
3.791700979861622134e+00 2.959201903341804885e-01 6.646159349185700727e-01
3.996927263561568910e+00 2.522723389890322299e-01 6.464520988795593448e-01
3.810651298274081000e+00 2.288733696271918194e-01 7.148228048184736005e-01
3.162801645529898398e+00 2.237493150220891680e-01 8.897047618816155135e-01
3.337102453895889553e+00 2.539803393617909300e-01 5.908088489873277727e-01
3.792755463778036962e+00 3.019186280492239804e-01 8.001738389048560496e-01
3.887521125299956637e+00 2.115468639851659227e-01 6.415270244494494234e-01
4.114121522695485034e+00 2.643005488711699380e-01 6.366078421996086423e-01
3.793351842107739014e+00 2.948485821500037574e-01 5.084134861911914216e-01
4.167651467855398195e+00 2.505057254701707481e-01 6.157312947473255749e-01
3.752694718819699737e+00 2.110633074611351079e-01 6.477541417603187579e-01
3.942618900195755671e+00 2.718029394763260553e-01 4.197166169740400576e-01
3.700334790083149805e+00 2.979298601162471138e-01 3.555709360827896681e-01
3.942755277514028656e+00 3.089266724509215911e-01 6.295101269746070649e-01
3.188218049296720480e+00 2.358277765770020740e-01 9.005827528356625811e-01
3.989709290524633634e+00 2.747686412079708984e-01 9.803084693275115891e-01
3.631541380363786597e+00 2.182850561562381109e-01 8.947349544460779791e-01
3.503675901810384463e+00 2.956488442502764880e-01 7.927597902688069409e-01
3.625183478332896669e+00 2.315281531037534646e-01 5.632376094736992744e-01
4.218577778538747047e+00 2.042588465898476924e-01 7.033750700585326143e-01
3.994998656921513902e+00 2.905323245606853400e-01 5.811429243341419415e-01
3.908534460845232594e+00 2.593824833750155157e-01 5.474060247633800724e-01
4.077239391935184365e+00 2.494308306055352809e-01 6.172224815752538341e-01
3.652874635844604256e+00 2.299182876263648478e-01 5.092102789319407075e-01
3.965629280031456982e+00 2.541487040980236478e-01 6.217623893645751743e-01
4.289040361161534420e+00 2.655030987653930752e-01 4.752195661594515452e-01
3.909886378576695964e+00 2.306712457437599673e-01 5.701518076151859127e-01
3.789305837460063664e+00 2.985491522090636396e-01 6.987227612611717209e-01
3.123954957002755606e+00 2.468907249666445480e-01 6.028199086671400808e-01
4.524276285283659327e+00 2.585768059589781398e-01 4.663586953496469123e-01
4.335783877014030452e+00 3.015065630451617129e-01 7.500522157981655003e-01
3.539304010975741210e+00 2.962015319745271436e-01 6.848160869944881490e-01
3.409620848825289041e+00 2.911509743736968581e-01 3.344630764352661823e-01
3.337170068493651609e+00 2.673230068615976007e-01 4.673077773266307577e-01
3.676091911709812088e+00 2.375701605638222691e-01 7.750697874000240795e-01
3.757761157030904631e+00 2.197554749667185447e-01 5.996384770351392834e-01
3.875743567278890467e+00 2.915341998640113008e-01 6.843954698625557276e-01
4.207858606318725769e+00 3.023681803356776387e-01 6.523843135620391864e-01
4.340177673188846619e+00 2.827640357920770398e-01 6.632612549754527409e-01
3.411204906806275972e+00 1.828500529004330188e-01 4.482301880824859364e-01
3.365550312554658863e+00 2.841452930887125583e-01 6.753005572400566647e-01
3.449045697343316785e+00 2.887313902943315358e-01 4.019049723747293301e-01
3.566005100961662677e+00 2.263958630854497334e-01 3.805936245977256105e-01
3.935182246398568395e+00 1.752954864635435372e-01 5.047451373061011548e-01
3.493667901379422069e+00 2.120665666557376705e-01 5.638478975244890501e-01
3.390162304783006064e+00 2.642736084881705527e-01 4.870583810559895310e-01
3.841885610040523424e+00 2.283855871864384213e-01 7.836154432623742006e-01
3.703630845925119264e+00 2.541771457890048547e-01 7.087244456763956979e-01
4.059144704475527554e+00 2.077146837077161468e-01 6.548256224078471410e-01
4.375561249729084778e+00 1.836855173846849709e-01 4.638212082272560877e-01
4.010154662910133894e+00 2.076709033943383576e-01 4.512619463392029129e-01
3.325605130071499715e+00 2.277079309224382675e-01 7.078079084193352744e-01
3.074371110331666657e+00 2.786890768699545884e-01 4.746669890894709698e-01
3.411855886374425495e+00 2.992369037440176238e-01 7.291343277691416658e-01
3.997975138196062872e+00 2.682377283882239061e-01 7.410104597288077466e-01
3.511476122337282124e+00 1.822517215143197311e-01 7.214302071115317183e-01
3.225170355232207520e+00 2.871906437202679796e-01 3.842547813468838447e-01
3.545314434747880217e+00 2.474669445348945118e-01 7.448553261087028643e-01
3.859169940341026006e+00 2.195558816487007681e-01 9.137216843933142485e-01
3.326484079905331903e+00 1.764169773566617583e-01 7.852863107963495848e-01
3.667719241510045247e+00 2.058231708738353372e-01 5.376371385903356837e-01
4.115889529146071979e+00 2.168369930085436437e-01 5.521456915216537142e-01
4.039415945758583426e+00 2.379179316852579051e-01 5.508545916170100032e-01
4.016932592882924702e+00 2.057212371237786830e-01 7.779324739282212908e-01
4.434101978845411907e+00 2.380595463868376838e-01 6.946683732441234493e-01
4.332857455663487123e+00 2.813461999320538975e-01 8.966973010725196591e-01
3.570594653541281804e+00 2.126909658844950146e-01 6.128090307056174302e-01
4.118096769190959350e+00 2.710819059218481653e-01 3.517453710332976158e-01
4.479848512022643447e+00 2.994842015321487749e-01 6.566778759036218105e-01
3.694652925448197678e+00 2.168427171272424292e-01 5.774326150402182556e-01
4.133173946485856121e+00 2.187267846016606732e-01 7.811687049625868351e-01
4.016661403810614317e+00 2.514855671330087361e-01 5.981510552265963954e-01
3.349402440178225415e+00 2.767439811763369173e-01 5.882702757269231419e-01
3.468297515364335837e+00 2.345394866247908772e-01 5.895225077881238729e-01
4.229947798424960936e+00 2.241384450330619060e-01 5.726025563470202862e-01
3.496805794282880520e+00 2.505846699995301075e-01 5.291686453752977304e-01
3.351694558697989379e+00 2.077694376758549843e-01 7.388769505005390315e-01
3.823286744926432057e+00 2.155115802482454879e-01 4.504715778979963003e-01
4.416765178480653198e+00 2.534274112127705703e-01 5.290174731015017118e-01
4.325798871620385455e+00 2.913761602637135462e-01 7.895911763172394071e-01
3.943914457495849568e+00 2.941296675746116751e-01 5.866982405116388799e-01
3.733785833176019420e+00 3.239648526946814489e-01 6.149547767120975283e-01
3.579663919534228800e+00 3.108555052532819829e-01 5.420534571056589979e-01
3.874715393044506850e+00 2.866839008404610811e-01 8.434019980014326734e-01
3.692287298290026776e+00 2.514944697734592949e-01 6.354857228238355304e-01
3.348983122606157270e+00 2.544045613911926074e-01 7.597363909782054447e-01
3.391245684863293697e+00 1.985513353545417525e-01 5.057888357465981644e-01
3.928259840657123636e+00 2.325610029209225216e-01 5.308902335370629944e-01
3.784637380507315907e+00 2.402554380211997520e-01 3.539710698918397402e-01
4.116281375729318626e+00 2.619225146438278751e-01 6.831944399015862368e-01
3.735026211884135527e+00 2.300945603350665891e-01 5.583518741594938328e-01
4.031363406307512776e+00 1.778651242608518257e-01 5.667114918163235204e-01
4.109429751239959572e+00 1.972797676818837664e-01 6.765998883360498928e-01
3.800168537293699078e+00 3.174383903607957413e-01 6.520816861135805276e-01
3.703315591474310775e+00 2.380805784665258051e-01 3.692240294841497295e-01
4.154482358682325405e+00 2.363967080814989574e-01 5.297642537905453697e-01
3.955454427652846050e+00 2.793327752375724948e-01 4.910195096306147478e-01
3.808147145429324087e+00 2.489454778283793079e-01 8.595218647574800475e-01
3.936768351044861891e+00 2.441672973132736901e-01 5.920900902717443071e-01
3.967773996190068431e+00 2.522703024183956533e-01 6.515217843054389446e-01
3.995602326851150909e+00 2.400446420197411557e-01 5.421252983157385241e-01
3.919792377903767999e+00 2.329041182805739185e-01 6.097124993287583727e-01
3.191201026001717622e+00 2.492163707676849638e-01 7.836723465129302735e-01
3.726005403324494036e+00 2.535675709447514636e-01 6.921458532438345967e-01
3.871433065860864886e+00 2.176000611099612458e-01 5.001333497689254282e-01
3.496516393499944808e+00 1.978828033592502644e-01 6.858768190936024300e-01
4.046182585489434658e+00 2.300483072425462128e-01 7.760569766294762584e-01
2.938437811419142509e+00 2.470723828198571059e-01 7.241670823561461301e-01
4.221232295206490903e+00 1.963657484812238452e-01 6.240333815306339238e-01
4.088407939067989716e+00 2.797813184438619483e-01 7.754078090561218328e-01
3.252737576623797366e+00 2.363414634713653373e-01 6.330392834259741530e-01
4.215122897703971638e+00 2.765435674061412774e-01 6.491619822167087328e-01
3.474781004328303169e+00 2.843531944389838251e-01 5.810608199017909259e-01
3.950763591411460052e+00 2.644331674124119069e-01 5.198215335113218760e-01
3.700738755816775249e+00 2.294976611857248161e-01 3.650212383079929346e-01
3.736402336385672207e+00 1.586880263137862013e-01 6.415951798482799617e-01
3.387730765707563041e+00 2.052338308459355498e-01 7.139096502845850845e-01
4.048252637865661363e+00 2.489103611873895450e-01 6.722581556350528675e-01
3.424055074291231016e+00 2.366305870446229753e-01 6.683435058655988747e-01
3.808008708026770162e+00 2.711296445428557078e-01 8.781700158072121010e-01
3.508127881403142467e+00 2.759293259101716633e-01 5.204070652142303022e-01
4.022928843735684268e+00 1.710617937761805818e-01 5.537155085921792175e-01
4.114740177193207948e+00 2.368769021762406057e-01 2.690843840421547339e-01
3.523445044412765181e+00 2.676637602869602062e-01 5.648634571255881642e-01
3.839338593564421753e+00 2.962699831710349230e-01 5.375073456392917004e-01
3.898627548216950789e+00 2.552727911834225538e-01 3.915836990543744012e-01
4.622983107480153286e+00 2.306206400200704332e-01 6.442373990408377660e-01
3.974807574280570410e+00 3.014414397949728430e-01 5.084022623246959860e-01
3.407627210542495622e+00 2.184354365346764526e-01 6.382773916032031813e-01
4.395182169755790902e+00 2.874722172681914989e-01 6.323611398830846220e-01
3.696087611768016590e+00 2.424677354203410573e-01 5.176666601001973511e-01
3.670875765660925882e+00 2.368854205072171981e-01 6.968232970971883766e-01
3.439993224254464188e+00 2.717543662673485017e-01 7.675696038397763488e-01
3.113803165193715028e+00 2.617639809108579518e-01 5.657667528543276481e-01
3.620859695796658340e+00 2.644833425599453780e-01 6.132066863179368443e-01
4.156187611875598265e+00 2.991562597065108853e-01 7.464116214267303429e-01
3.816759256934545874e+00 2.339517672113223257e-01 6.221891557034596731e-01
3.635177722053032578e+00 2.749359330376225929e-01 5.804676540860700396e-01
4.324401688363521679e+00 2.342718035087666406e-01 6.610013781435237767e-01
3.441862125653881943e+00 1.939747995903302047e-01 6.588110032317139320e-01
3.790539361437061938e+00 1.894895471272295406e-01 7.767506287045188307e-01
4.191798318442767624e+00 2.454341109001020316e-01 5.131354410607706917e-01
3.277150484397159946e+00 2.668224585877861932e-01 7.874354036167658943e-01
4.380179806836792977e+00 2.523083265715395651e-01 6.150028823414220858e-01
3.947274461954982439e+00 2.300691365513298781e-01 6.329848684806553827e-01
3.426508636058783530e+00 2.355756585435596073e-01 4.612218354477619076e-01
3.731434671279909132e+00 2.598026687745588759e-01 5.758529012120476853e-01
3.841499782329649726e+00 3.070505551678682776e-01 4.545480906605176008e-01
3.403286363966397499e+00 2.385332313068738996e-01 4.752735850135468842e-01
3.506843199900011143e+00 2.426984454371159949e-01 4.296844240272561510e-01
4.098211517201372445e+00 2.940390782504584966e-01 8.975068873009435233e-01
4.235525524029049471e+00 2.483479052312003998e-01 5.985621773377501897e-01
3.676599917660044792e+00 2.818828173802785386e-01 4.909577810520223684e-01
3.765217190363006949e+00 2.387133465179705205e-01 6.399448192459636919e-01
3.598667490695149684e+00 2.577608207668984353e-01 4.643968183092941349e-01
4.568702411056756674e+00 2.726525102149396362e-01 6.782618471788823822e-01
3.027931938044281956e+00 2.269076766988412097e-01 7.226032559961294011e-01
3.907306416365085244e+00 2.535180454249012505e-01 4.255783884295205599e-01
3.219329258877535516e+00 3.127537148826648461e-01 6.120401404408373214e-01
3.682582719930880710e+00 2.637571283458204352e-01 7.917000101347720920e-01
3.505509398925336306e+00 2.162028076212906269e-01 5.099808899407820562e-01
2.961639696745989703e+00 2.303346635535207521e-01 7.409555343907823222e-01
4.565874486379207120e+00 2.380599003271318681e-01 7.451441651788603959e-01
4.009490891402302637e+00 2.032268692742289773e-01 7.349623625446221054e-01
2.808134403273088164e+00 2.463972261464169866e-01 6.026923183462519207e-01
3.439874919236252104e+00 2.577692670066766278e-01 5.370582979428344395e-01
3.787435627150337325e+00 2.136003609333851916e-01 4.519166049223364845e-01
3.465402014062413993e+00 2.274681239273679545e-01 6.784180462505080556e-01
3.972876538615955244e+00 2.848503788955070171e-01 8.415219419652517630e-01
4.038554400047472903e+00 2.477706942507180155e-01 8.045260145128543261e-01
3.752910502922333524e+00 2.324405478973622097e-01 5.111432156084795286e-01
3.153176047993490716e+00 1.956225041947407817e-01 5.753944054160541333e-01
4.072071287778526560e+00 2.197123631558499934e-01 8.811259458594682403e-01
3.481661692978648581e+00 2.499862635954311352e-01 3.306849166959003328e-01
3.576815318542283961e+00 2.633739387492687878e-01 6.736481419782619495e-01
4.424822840617763653e+00 2.822027502056060899e-01 6.729906300403852848e-01
4.096956669731603995e+00 3.105842003276657048e-01 5.190413926938786116e-01
3.707014506462524839e+00 1.806507274730069501e-01 5.713078284130601592e-01
3.974780683830581474e+00 2.807001000002715685e-01 5.559737269011582050e-01
3.833309989193712575e+00 2.105595990483694058e-01 6.724720194428273068e-01
3.631790238624220457e+00 2.938782334279413933e-01 6.337375183272123680e-01
4.061905995245777667e+00 2.108539192294721643e-01 6.235835847521493669e-01
4.054312154996181583e+00 2.373507977179430406e-01 6.708531571866176435e-01
3.260087266205553114e+00 2.261491132591572362e-01 6.437868183877091255e-01
4.134550305018173333e+00 2.698285749613402174e-01 6.114745773225455094e-01
3.048810300897004666e+00 2.321007560745798892e-01 7.538221453360223201e-01
3.626470755831425752e+00 2.991792929545192825e-01 8.519870211448468122e-01
3.789901173486451391e+00 2.975369277520993339e-01 6.356594007925649992e-01
3.967707530197592369e+00 3.015252870528715157e-01 6.687378823080456502e-01
3.720973428752027079e+00 2.487440164541257770e-01 4.783982746864955393e-01
4.209778747812932487e+00 3.170246894675958771e-01 5.507744254300682707e-01
3.424265607869302119e+00 2.972429304495574631e-01 5.033418876982617141e-01
3.198041184260587144e+00 2.997859767658044849e-01 8.243040369057119676e-01
3.421879542471048197e+00 2.539277313608233611e-01 5.737971865358875156e-01
3.492274266955955664e+00 2.446257683474627742e-01 6.420433250354696808e-01
3.580259544136233263e+00 3.109775086477929440e-01 5.979520935645457058e-01
3.522189913988724275e+00 2.500087264449759039e-01 4.184760434916282024e-01
3.575246622185800582e+00 2.281374876388011508e-01 5.503694206088636243e-01
3.964584109530070233e+00 2.572615834255319589e-01 6.578336433036703346e-01
2.896193127092691277e+00 2.261639113402482693e-01 5.361606746019290659e-01
4.580801190897940245e+00 2.687947229135637661e-01 8.009505335568414264e-01
3.858991147787599107e+00 2.003136307996973842e-01 6.478806666790248858e-01
3.382722719058507632e+00 2.786120591270613844e-01 5.969717415712156861e-01
3.982392118663473646e+00 2.549953299565642095e-01 6.095254419994905470e-01
3.478023970156393307e+00 3.006706101691957733e-01 5.245268684781083657e-01
3.412040051698527421e+00 2.495877397388062413e-01 6.125284909658735844e-01
4.363790572116989175e+00 2.625994673641128263e-01 5.598496284180568550e-01
3.003907929893742335e+00 1.960202872321245016e-01 7.674923068239699608e-01
3.895122824606783496e+00 2.424806786280506443e-01 7.670619098099834554e-01
3.651081284459850806e+00 2.443209355641427494e-01 6.010792028798721542e-01
3.428367232274653453e+00 2.325085883933313002e-01 7.942117923400152657e-01
3.783490944524007471e+00 2.535287128318603478e-01 4.901537311622140569e-01
3.471075776151182346e+00 2.155116372980360184e-01 6.293191413410954560e-01
3.891016563612849755e+00 2.808929832551486094e-01 4.442466534079237972e-01
3.799820475067214431e+00 2.422160973996278222e-01 8.254848488536904449e-01
3.877338299583111603e+00 2.351093064959104417e-01 8.429378274702261642e-01
3.508524884602023164e+00 3.049377722500729027e-01 6.251933964034193103e-01
3.583625283584966237e+00 3.012775898626987026e-01 4.328317698297485805e-01
4.529832506347555743e+00 2.072526611258469487e-01 5.499235915686342402e-01
3.958743407552077986e+00 2.418847948710756424e-01 5.817230932945544053e-01
3.709937726726771245e+00 2.484229183055778334e-01 3.715452392479799970e-01
4.274677970062772836e+00 2.624316306002287824e-01 4.565373559022760652e-01
3.310568339401847471e+00 2.969619914088161838e-01 6.043155941637704531e-01
4.140125584501493705e+00 2.797020500525900233e-01 5.386414160211245861e-01
4.050676948345917516e+00 3.130436767027061085e-01 8.997655270737872080e-01
3.445648776489838028e+00 3.050057698389292415e-01 5.793108817573131564e-01
3.340704093437800282e+00 2.134930352295509037e-01 7.061997683030335482e-01
3.216596052575087406e+00 2.265783640878590022e-01 8.047567013480294573e-01
3.130215463874444382e+00 2.358585303988590121e-01 7.537983346886193425e-01
3.868677617616651965e+00 2.957081179493240009e-01 6.587147228381702302e-01
4.180525107897286929e+00 2.268863260272901694e-01 6.258306289378645637e-01
3.279998364007560951e+00 2.376150038866804981e-01 4.888881130750481474e-01
3.854728937837254232e+00 2.582948468664763020e-01 9.263345427959961409e-01
4.190052176980790577e+00 3.106020991449511270e-01 7.909243013751360296e-01
3.285360361682252428e+00 2.743473570719963117e-01 5.924686255115442224e-01
3.569339812107825249e+00 2.565229660348414820e-01 8.291191136655736704e-01
3.848479249223323961e+00 2.422116369707103811e-01 4.943538101667672713e-01
3.043825070815318501e+00 2.696120212037200758e-01 5.679070690318231973e-01
4.093154384800879342e+00 2.179538759702185080e-01 4.351777020109945937e-01
3.934342138993562443e+00 2.627985438294404008e-01 3.281992735857805488e-01
2.984045622567569112e+00 2.113866502032578087e-01 5.675677509492360606e-01
3.853430984783714930e+00 2.962185044766553754e-01 6.641491030187589573e-01
3.961827476334320419e+00 2.658722493124921482e-01 4.248531562319803334e-01
4.165990241514300862e+00 2.057447942163052046e-01 5.274713955119733066e-01
4.210367603890163402e+00 2.331032896051241643e-01 8.193722137096776104e-01
3.846505898665579792e+00 2.767470395358252455e-01 6.226553238368864873e-01
3.651926966677756070e+00 3.089517739124037488e-01 8.203845391387861730e-01
2.912558041219338811e+00 2.813035275080935094e-01 6.231834025637273955e-01
4.497416168178126838e+00 2.821463793269948783e-01 5.182709064560790946e-01
3.649279961980741671e+00 1.810079113145088292e-01 6.314341954448451366e-01
3.727338482891677351e+00 2.279428550615339166e-01 6.123410845786492196e-01
4.268046517151058872e+00 3.133244168769867555e-01 4.796497555185903483e-01
3.399107822867077022e+00 3.146777588771817458e-01 4.427859758051501116e-01
3.198248336702165240e+00 2.290301873015556933e-01 3.343753930257250540e-01
4.361241123025417110e+00 1.957847064858252162e-01 7.736825900842877468e-01
3.655461662583646021e+00 2.223620347394857644e-01 7.954743229903933344e-01
3.628759832233824589e+00 2.532041742367836523e-01 7.257032283619480051e-01
3.268186840724393694e+00 2.885614825207244438e-01 5.337140274379879035e-01
4.080588064473868570e+00 2.815447455164700186e-01 7.319666842706076260e-01
3.945612400497777283e+00 2.542212414409063537e-01 8.974525476875574448e-01
3.721709196856099577e+00 2.519239136678870783e-01 3.531014266780275745e-01
3.546004525486129655e+00 3.196160061968676969e-01 7.424100709535446097e-01
4.401438682755479448e+00 2.389654179270859213e-01 6.736311396870638957e-01
3.688973303103792567e+00 3.157142338536860215e-01 6.907886129670073316e-01
3.512278254039484793e+00 2.088521182950456856e-01 8.845338969431020271e-01
4.216514088371253521e+00 2.970358332064780282e-01 7.778666673350355110e-01
3.368796828161096268e+00 2.606303538275782650e-01 6.733096563200645646e-01
3.286078688991661778e+00 2.519871417198602526e-01 2.719901020337367470e-01
3.634021991590982381e+00 2.525098945602244904e-01 7.752936751538622717e-01
3.731554892110068966e+00 2.866432226639704650e-01 5.014975796626245375e-01
4.016856514789724386e+00 3.097928428825299507e-01 6.525696334005587351e-01
3.730555988802099154e+00 2.872428784770522658e-01 5.422312368677973948e-01
3.944756472176208728e+00 3.065000202334968726e-01 5.566454470974291358e-01
3.967597350916467924e+00 2.146979590031033447e-01 6.024140904454555745e-01
4.161550773775479328e+00 2.353408397203044511e-01 4.583765987543957920e-01
3.648980088224640816e+00 2.739767333705387942e-01 2.991996705543323309e-01
3.078900732103447169e+00 2.605421739237164802e-01 7.828776511916851755e-01
3.589089453605849744e+00 3.020071707023586072e-01 5.316747238867488567e-01
4.125090521339891403e+00 2.612020730520694389e-01 7.383279767736604660e-01
3.347589635575527911e+00 2.501215328442243369e-01 8.159284496274554765e-01
3.371511874648843943e+00 2.859796871197535784e-01 7.829673004764967637e-01
4.049569472716673779e+00 2.561293876920254786e-01 5.683023179331675445e-01
3.745865317314037046e+00 2.509642848495414191e-01 7.837188975814558534e-01
3.728518831606927542e+00 3.219976691684382497e-01 8.114593290850078411e-01
3.754657492434009480e+00 2.774936632055414742e-01 9.408160185794317565e-01
4.301908710343382403e+00 2.586192707706952421e-01 7.883637808693741977e-01
4.260625294557902620e+00 2.092041058743531468e-01 9.024885662020536437e-01
3.401926091225050186e+00 2.450557701993386350e-01 4.570359010316087378e-01
3.829110469259638716e+00 2.732037042454127929e-01 8.063120570962019062e-01
4.048968339586279441e+00 2.864482953726602554e-01 6.697661754371375675e-01
3.446348453910760501e+00 2.686646195570095430e-01 6.785016502851868303e-01
3.948991123832321648e+00 2.486212427266591418e-01 6.516745759850510744e-01
3.556018803013479168e+00 2.479875686906092003e-01 4.610376436584394666e-01
3.634695884883420547e+00 1.554479475407538613e-01 5.375244115554399515e-01
4.165227453148945713e+00 2.549206645316842712e-01 5.374748046840689408e-01
3.134569425366738660e+00 2.367375256689660257e-01 5.721828740776223610e-01
3.634473264594147324e+00 2.520443673630599624e-01 5.675032762236311701e-01
3.971080981554393929e+00 2.109715493596195368e-01 4.866816121815111806e-01
3.404850418113212207e+00 2.502142681957227888e-01 2.768879461647124063e-01
4.020793984023260492e+00 2.836860838121699757e-01 6.749656670008443715e-01
3.423903536702872952e+00 2.980687272666756593e-01 5.389799772841051828e-01
3.896939304457895936e+00 2.647425692186339830e-01 4.361676313565922003e-01
3.750872305966422626e+00 2.645090853025514055e-01 7.572946711396271180e-01
3.092311727235446117e+00 2.425630764983397469e-01 7.205485017736917852e-01
4.067628935497211273e+00 2.655401215982230445e-01 7.476697662642977082e-01
3.488207678093818487e+00 2.595600815031067765e-01 6.882211291893386429e-01
3.099750166728719059e+00 2.710170791441174898e-01 6.331726743744338082e-01
3.723885229609744663e+00 2.300505507461521326e-01 8.241255706917786084e-01
3.298837799642254431e+00 2.704241583488481981e-01 5.297759644244556254e-01
3.232378455299206088e+00 2.877393977046212026e-01 7.388847431945247957e-01
4.345852944394622774e+00 2.470319393917585205e-01 4.429672791835550516e-01
4.219481455690147875e+00 2.424199417787225863e-01 5.354550693832809127e-01
3.731671696076323208e+00 1.978499159900597992e-01 4.816142374527133674e-01
3.796957415627517207e+00 2.787994324321823592e-01 5.275558123974523062e-01
3.898068221618003815e+00 2.334267643738535403e-01 5.496894106423244608e-01
4.189732185112100105e+00 2.547420282308338058e-01 6.757682674623473051e-01
3.515383875666644009e+00 2.583255174123469389e-01 3.602152926699153657e-01
3.930151002700558394e+00 2.543974913816092753e-01 5.875420079343393054e-01
3.713395315650336759e+00 2.718527356457862143e-01 4.856527777513932609e-01
4.398709675640109396e+00 3.080567975404987502e-01 7.040130732364072719e-01
4.134515770641194798e+00 2.626902699981493172e-01 8.574141744057802716e-01
4.285704855795827051e+00 2.482478183282889883e-01 7.423661063124479265e-01
3.670510138199556849e+00 2.881281559338906284e-01 7.212603360988829593e-01
3.348950258492727983e+00 2.964715658251140251e-01 5.514178804525109445e-01
3.807015416452859569e+00 2.708938824431178505e-01 7.266621628402513133e-01
4.248400589920946935e+00 1.991516548560758326e-01 3.726366725408301050e-01
4.566013935639094079e+00 2.636018799385795308e-01 6.842237160435363785e-01
4.099006652262928263e+00 3.237937493470121053e-01 7.361555817089493470e-01
3.659882640862846870e+00 2.953470550305132836e-01 4.088035174809203087e-01
4.322489053799555059e+00 2.808137935555817255e-01 7.524343135482987055e-01
3.968193818795238581e+00 3.217247995318404663e-01 5.861794412114992303e-01
3.497858962603392463e+00 2.456553215609011964e-01 4.388549316230773156e-01
3.019718972294657799e+00 2.531590954060975451e-01 5.066041950624341483e-01
3.907845071592261021e+00 2.072150670094101699e-01 8.453206138549563819e-01
3.898670854901868044e+00 2.783453413431734580e-01 6.767815960055992841e-01
3.134826194342771100e+00 2.390353546623328329e-01 3.579651381729365145e-01
3.470061605345548639e+00 1.804925328493180159e-01 6.382994273078316239e-01
3.949290812063954270e+00 2.564144904008754389e-01 7.903490469413938513e-01
3.908676774499239670e+00 2.321284806794849942e-01 5.876752677462737662e-01
3.711759650681957456e+00 2.130231585128976590e-01 5.918901566612212450e-01
4.263941532017694769e+00 2.850210834681488059e-01 6.926379533854803983e-01
3.249708549611655339e+00 2.682546073805892606e-01 6.703328738520258900e-01
3.629115109980684650e+00 2.623976573592349815e-01 4.787133964910734729e-01
3.583765319856738074e+00 2.315934084583024799e-01 8.103409875428535525e-01
4.363795955986827124e+00 2.854797200755109232e-01 5.761066664911063118e-01
4.362721664816323397e+00 2.760780028613726844e-01 7.657267816444875974e-01
3.732641846351061332e+00 2.571730321535780628e-01 6.765084288987177619e-01
3.763954218682637354e+00 2.384434171801675939e-01 4.853661425631591864e-01
3.378444761096975668e+00 2.398613184370352591e-01 6.895775627792314344e-01
3.428956970172899688e+00 2.685169064523470484e-01 5.482318943793415000e-01
4.135124517648566922e+00 2.443664255382069772e-01 6.278824082815891439e-01
3.867707472131771240e+00 2.454055040063774784e-01 9.544888019712205462e-01
3.460777447968726772e+00 3.122802080923290369e-01 4.775191016639562802e-01
3.652844879565050995e+00 1.686793696802054432e-01 4.698345740030695494e-01
3.652762239830299684e+00 2.149457369858797096e-01 7.616600785242750860e-01
3.383157104390155379e+00 2.113564514596843469e-01 6.824529112945314502e-01
3.536554801552843408e+00 1.665216100102407115e-01 5.593787671609231626e-01
3.160156168440585667e+00 2.636082559905510991e-01 5.757958922788616318e-01
3.788083423216452417e+00 2.989014731628025223e-01 7.904466658278230806e-01
2.934310043780457455e+00 2.813503253029909223e-01 5.597975095862315342e-01
4.047554909605153739e+00 2.631116360830658141e-01 5.400784809495690064e-01
3.986688303431920044e+00 2.373003726408611791e-01 5.006118674286847980e-01
4.073872058965839038e+00 2.586524976017826050e-01 6.299409685455141794e-01
4.006778501315217511e+00 2.761127010485172062e-01 3.268404694616943718e-01
3.321212777777088121e+00 2.561086634308372134e-01 6.048161982980334583e-01
3.783653537781481280e+00 2.465736205742279918e-01 6.181216970671109534e-01
3.609276987867243935e+00 2.306426682620447977e-01 6.606082193900520982e-01
3.794473892922898717e+00 2.614990399325659576e-01 5.439668369513868118e-01
4.019259299749260883e+00 3.092937690003373929e-01 9.152379985549303765e-01
2.903370760675749285e+00 2.734423311896885811e-01 6.887756935023631177e-01
3.855733307334418658e+00 2.550316316240419101e-01 8.731218209159250510e-01
3.503503622858723077e+00 2.367565575645794174e-01 8.514192833260635362e-01
4.578485940417649225e+00 2.581744284873147000e-01 5.641239314573774921e-01
4.057139556661294222e+00 2.188043128144538108e-01 6.608755778816307602e-01
3.645863651626132018e+00 2.471184059064367722e-01 7.005139085410244659e-01
3.757543331731127090e+00 2.603080346640429532e-01 8.054574256110799135e-01
3.995083795000373694e+00 1.842875676030267806e-01 7.404784476867902754e-01
4.121173516693189320e+00 2.607330308774190586e-01 3.912293941309895606e-01
4.323106894400940980e+00 2.970904178137261931e-01 5.629537616843451886e-01
3.269562747351475007e+00 2.765435232148706346e-01 7.929451590028699925e-01
3.661553230851660068e+00 2.893260791363497231e-01 7.958862673090172368e-01
3.632363600987627894e+00 2.952067509850405114e-01 5.761404270745155154e-01
3.509995888907441408e+00 2.618490356692262933e-01 6.333438265384679910e-01
3.798428478520290419e+00 2.792124240338498264e-01 6.779843568149575006e-01
4.003807719889995731e+00 2.395656769166118472e-01 6.107412514673408177e-01
3.038537901523361118e+00 2.263690547117512275e-01 5.200084196907664991e-01
3.540038042168181853e+00 1.693422366102649845e-01 5.420370208159371872e-01
3.122790516724133880e+00 2.614806765230678343e-01 7.090083626751825241e-01
2.890009458682544441e+00 2.639221275610053041e-01 6.607233958250944283e-01
4.227218326301069418e+00 2.296466553798953425e-01 5.144732470511369504e-01
3.258377051941698355e+00 3.201879466905525051e-01 5.930354163858212457e-01
4.407800241093969618e+00 2.452699601295752763e-01 6.050436359585190660e-01
3.278082171788694321e+00 2.815810897872219054e-01 9.402342316304082015e-01
3.375276697459246744e+00 3.189305961339781170e-01 4.428025241547572932e-01
3.669977289913868290e+00 2.154725148478898178e-01 5.600828737484382369e-01
3.660450534829043701e+00 2.579498660147768185e-01 6.428528420622472428e-01
3.941365995367680064e+00 2.298967777805095980e-01 6.362892722065884854e-01
3.638730369271482967e+00 2.297203621837768106e-01 8.655870220284165306e-01
3.206590851977680234e+00 2.329941952612802902e-01 6.328197051780076743e-01
3.356476797634430742e+00 1.945013906208682974e-01 8.056821307105389574e-01
3.697358485341031287e+00 2.678620168065390383e-01 5.758225250637466486e-01
4.044527607576831940e+00 2.622741573886988031e-01 6.904286779863676449e-01
3.442002907884388563e+00 3.036607428172417023e-01 6.101064124801124366e-01
4.480457813858937044e+00 2.735261346921600834e-01 6.407328998522484609e-01
4.211617107221770517e+00 2.107020737808679711e-01 6.299570782292335247e-01
3.474553877262238633e+00 2.338503764677966335e-01 4.752174433944138521e-01
4.392318968347202812e+00 2.385676255386913192e-01 5.579681544169221574e-01
3.996035232838441420e+00 2.826121369543279638e-01 7.004607314169443155e-01
3.651490279150336971e+00 2.513705761722325183e-01 6.932362884104528167e-01
3.850146230750264298e+00 3.034642419817163983e-01 7.551391003055097917e-01
3.527709843406632295e+00 2.607154050339046680e-01 6.144503884794266790e-01
3.256083241175261822e+00 2.148241769300756887e-01 8.104831672474926973e-01
4.015425846315451963e+00 2.762331793443063011e-01 4.230537803248402562e-01
3.756295508363862279e+00 2.234732829974032109e-01 7.051921049560680999e-01
3.669597226313262350e+00 2.720730008755865015e-01 6.124307400336332918e-01
3.335122843026147699e+00 2.713255232532084116e-01 5.530036371176895171e-01
4.287959556069770528e+00 2.355175605977306019e-01 6.133534829463515026e-01
3.813891119963370269e+00 2.563631484318342757e-01 5.772383832432634865e-01
3.737687350197956615e+00 2.583448170053142534e-01 6.461129650994851259e-01
3.853381497924086574e+00 2.369451831613028359e-01 4.367994938763680723e-01
3.941407368078655882e+00 2.905709471912894526e-01 5.466979773976169410e-01
4.117986393625413299e+00 2.696694838174517050e-01 7.039443529758130369e-01
3.689079076239649702e+00 2.180319511210157268e-01 6.281526242731858556e-01
3.769934585075003231e+00 2.780689772429254525e-01 6.452502074030290746e-01
4.129677889934355584e+00 2.691750696911633933e-01 5.246303032308279324e-01
3.457153060111284315e+00 2.522459737519833212e-01 7.761342918721578776e-01
3.882552154261078581e+00 2.571707206389583500e-01 8.480087061822660921e-01
3.223845787454543643e+00 2.452969284745274703e-01 4.131124150776049886e-01
3.234986960119061727e+00 3.069319576987233344e-01 5.974012871021436855e-01
3.579168418910720906e+00 2.776406183428410390e-01 5.291971618801957211e-01
4.041446817663310043e+00 2.169734004150448703e-01 5.428718870854802869e-01
3.922760508640782184e+00 2.778508066108769659e-01 7.715319161782779878e-01
4.013117441368768468e+00 2.499669989338294540e-01 6.071817333130797856e-01
3.435803423645554133e+00 2.315147823060094701e-01 8.064775591620676476e-01
4.163343604531063669e+00 2.871061437994647525e-01 6.136248431938005066e-01
4.207188940861257720e+00 2.158612602761940114e-01 5.647591787256652784e-01
3.707755165515547180e+00 2.502870513267581032e-01 5.571333436859088328e-01
4.166343375279191186e+00 2.730125419158394018e-01 5.116012784042287542e-01
3.991032945011017574e+00 2.209152379688189560e-01 7.021743558353380488e-01
2.964614611292588187e+00 2.155464613352894854e-01 8.187713879674191064e-01
4.276152722049168631e+00 2.666318349326887160e-01 8.721690614528146979e-01
3.830758044732178291e+00 2.052882972638034598e-01 4.809876369258733741e-01
3.779613615212255695e+00 3.183631940661025839e-01 3.928229148385812275e-01
3.903471630755901423e+00 2.415539530292212245e-01 5.940761388277826516e-01
4.251234799404612019e+00 2.551173605199866246e-01 8.772662305067888688e-01
3.590658741360477357e+00 2.658470138922905956e-01 6.472612056701328997e-01
3.281247929794938401e+00 2.159614131417142424e-01 6.264066042612869145e-01
3.765619817291350646e+00 2.404276011609890462e-01 5.879335966007146475e-01
2.956418675298087884e+00 2.153522831562848516e-01 6.850932622010766915e-01
3.947447320391994197e+00 2.513514938932074894e-01 4.671493969028525095e-01
4.185551062253898280e+00 2.547959920889920071e-01 6.378486360693489399e-01
3.586730616237593594e+00 2.682738486530051869e-01 7.065168061934331556e-01
3.832215973578537938e+00 2.301836464559979811e-01 4.114087799549661639e-01
4.187189407216004966e+00 2.539630013094884564e-01 5.174917703645690592e-01
4.318436130988725807e+00 2.811825570753337389e-01 6.651825876754088318e-01
3.742919041595771379e+00 2.807781844369331981e-01 9.399747387948584887e-01
3.949081809227219964e+00 2.676859256716793700e-01 6.054318007283282510e-01
4.021850366313969083e+00 2.499434038028084948e-01 8.032233491422443583e-01
4.088396435236216320e+00 2.145695751585218192e-01 7.685645790404254107e-01
3.406482743160411442e+00 2.438783036928274250e-01 4.697085204039996853e-01
3.585436686655149252e+00 1.888792130949547843e-01 5.584235648272910524e-01
3.222655851258585891e+00 2.237847300936268991e-01 5.852601846782766737e-01
3.443852009043074869e+00 2.211749269087268932e-01 6.389631789612351120e-01
3.640750998837960051e+00 2.676366694589232820e-01 7.951195584695538443e-01
4.009317881688319041e+00 3.072183217657196153e-01 6.873477338703856132e-01
3.677630765458446138e+00 2.469117350839041547e-01 5.968452910205122031e-01
3.936641635086183921e+00 2.539911554107495140e-01 8.979644951826371013e-01
3.548469894438606609e+00 2.933295938946083870e-01 6.951172976192809827e-01
3.469905318594161958e+00 1.970050847813918926e-01 5.873266651537060179e-01
3.970378238186013320e+00 1.828219745502632221e-01 5.728974876153393181e-01
3.097910207960433482e+00 2.630241730410440848e-01 6.420744379297628202e-01
3.815777066061264655e+00 2.509070485033969011e-01 3.969230513188268805e-01
4.276939353166989477e+00 2.548265040606630949e-01 4.521181301960134347e-01
4.112657900918039289e+00 2.574636301418615214e-01 4.968394456055319486e-01
3.516822806447184480e+00 2.781214023971258498e-01 5.332348382982887713e-01
3.419208431867045483e+00 2.497522735530512128e-01 4.606561580511623344e-01
4.615556389232398971e+00 2.286777517553671424e-01 6.316659208742330112e-01
3.490416860536205146e+00 2.632771664693474567e-01 5.326585149436364741e-01
3.835507129426266371e+00 2.736509614928827605e-01 6.980785576879352528e-01
3.409333822635997713e+00 1.771856502048727577e-01 5.484241594287891930e-01
4.236689456776698393e+00 2.251736241191670262e-01 8.199900369981729664e-01
3.807407390859637086e+00 2.070053940531504377e-01 4.508399087805278205e-01
3.519444649576580986e+00 2.217091100995299824e-01 4.977510612107223231e-01
3.604088156963267231e+00 2.330478646724325476e-01 6.877836218748557551e-01
3.271043746996317836e+00 2.627832420004066472e-01 6.183217096701165705e-01
3.552762529614129416e+00 2.304206995816168724e-01 7.390245881766007718e-01
3.231671414977101975e+00 2.973093902632494290e-01 9.004714824022801434e-01
3.470011086029521685e+00 2.704682144184459847e-01 4.328031391574818643e-01
4.121112789090396689e+00 3.091195789398468730e-01 5.421085333329004330e-01
3.560322645120064688e+00 1.831728512509233908e-01 3.878396105139833017e-01
4.257374245554135683e+00 2.541220105484498504e-01 7.930625331830430946e-01
4.568371731888798415e+00 2.034805028594545984e-01 6.484339047316964866e-01
3.889952693757478652e+00 2.571062990565031736e-01 4.246966758208900461e-01
3.418273691806320791e+00 3.217480218197612540e-01 4.715330457674654641e-01
3.383235225384537248e+00 1.644230404468661755e-01 5.374554450439473774e-01
3.140597269422343629e+00 2.458908033472380905e-01 5.494333313959655074e-01
3.757967600967647037e+00 2.924772699427393152e-01 6.427062126708824596e-01
4.058449433245765903e+00 2.690558870106148914e-01 5.112685555593838860e-01
3.377539438234286706e+00 2.702222855738150020e-01 5.582942248021333098e-01
3.894798761811466559e+00 2.230809192197092672e-01 7.707596093605534326e-01
3.318421199761748319e+00 1.923910445782292533e-01 6.935323402668246429e-01
3.636939743078920095e+00 1.943626746997635657e-01 4.859284660098938113e-01
3.433564933547462061e+00 2.671841454302451568e-01 6.485499356343606969e-01
3.072289496683869192e+00 2.994999652591172623e-01 7.836444478764976740e-01
4.020215733394683966e+00 1.951955182423889545e-01 5.171289541256262057e-01
2.995337925808604584e+00 2.475294748645586185e-01 7.559384567052896964e-01
3.931151102695763289e+00 2.814342348539921601e-01 4.681803854375207186e-01
3.323202315589009359e+00 2.153310192854973881e-01 4.430027481665219646e-01
3.958233663066463404e+00 2.663271679293424121e-01 7.502635331641842598e-01
3.594110958605487571e+00 2.549814877415223502e-01 7.198402410145599006e-01
4.193491638675562960e+00 2.987841164128269833e-01 3.675841295172107004e-01
3.620014762293700006e+00 2.213434973313083420e-01 5.340378207480185324e-01
4.255143280619657631e+00 2.824265528938234571e-01 7.651437711018429511e-01
3.539030581564760247e+00 2.353278644799888797e-01 3.204827831420426487e-01
3.740957925371887871e+00 1.953571502639201429e-01 6.147981712638325158e-01
4.296164837796688118e+00 2.657273337980432526e-01 6.688048106912558577e-01
4.620330541749700259e+00 2.554751943908084577e-01 5.753673776644745441e-01
3.778507402414136074e+00 2.231833653196116374e-01 5.709943096798010265e-01
3.785316971878393222e+00 2.268776406225412323e-01 5.458138222443220666e-01
3.615723852503686775e+00 1.930905283266953210e-01 5.437253067231614390e-01
3.502629856136783459e+00 2.111167238684754366e-01 7.671130416891833725e-01
3.234679191112406205e+00 3.166580901667996883e-01 8.219627892213799969e-01
3.436733438779505878e+00 2.757602159241957507e-01 6.306039447357274508e-01
4.492007868262941628e+00 2.852802628073186630e-01 6.739396234590315782e-01
3.993066853476651801e+00 3.045122749785028615e-01 8.450829650385508485e-01
4.627058834470161308e+00 2.773238791081220622e-01 6.120832911189543202e-01
3.665486284860095534e+00 2.976728374313693526e-01 6.551614456931120767e-01
4.015346636591061724e+00 2.735065788807507503e-01 8.176658052620191519e-01
3.674297746788159902e+00 2.176957594627222103e-01 5.671710874265071256e-01
3.311989876301106861e+00 2.251069270827666668e-01 6.866414542538871180e-01
3.712695795347813466e+00 2.737291162908498388e-01 9.517526450038935604e-01
3.590167406690485841e+00 2.970524235308452110e-01 6.820346256604299384e-01
3.412696721721005577e+00 2.595456451853006552e-01 6.224639373429714517e-01
4.252754216354906802e+00 2.244507763483344631e-01 6.987419486739839813e-01
3.578386364766133809e+00 2.490948300880384547e-01 9.167656138105871877e-01
4.010003788329973062e+00 2.124357153985298452e-01 6.677145018447682157e-01
2.988619827922490035e+00 2.270349593933261856e-01 4.386464578107801549e-01
3.789037535777509902e+00 2.562105359098006963e-01 4.378428965717322541e-01
4.145186378128739690e+00 2.639879025389151312e-01 6.017781445285657060e-01
4.122111265626372756e+00 1.966546884731992240e-01 6.718613217975178964e-01
3.788581505507837566e+00 2.528893917318926765e-01 3.972295896043853691e-01
3.845729302868271304e+00 2.935990592744526229e-01 7.877712553187244948e-01
3.607083160568679503e+00 2.439210756366294308e-01 6.890214245102441737e-01
3.779935357685484831e+00 1.864136840689281094e-01 5.793301372988732822e-01
3.940151880276073548e+00 2.763006482665712471e-01 5.373478147574538566e-01
3.438151726902078931e+00 3.227256951147704500e-01 6.546747607057094021e-01
3.812485956220196481e+00 2.740528952653012995e-01 5.219169917036663442e-01
3.603043733567758089e+00 2.858968174333237910e-01 4.705607882142027742e-01
3.567686477787211707e+00 2.557141876744662423e-01 7.065640677204673148e-01
3.590586782196143467e+00 2.672384319426599486e-01 5.973957538815085622e-01
3.833741849333328844e+00 2.265359481698958344e-01 6.443293156526251897e-01
3.821828524770165547e+00 2.920138950793571553e-01 6.589787177693147147e-01
3.053145844506373940e+00 2.431996530301683834e-01 4.803769267663514642e-01
3.786041437327700265e+00 2.558557569314143243e-01 6.208693097884865342e-01
4.030396828547366361e+00 1.915427273432010469e-01 4.971888089229939411e-01
